[0.0,0.0,0.0,0.0,0.0,0.0,0.0,1.0] > ACTION_BACK == 4.29921
[0.0,0.0,0.0,0.0,0.0,0.0,0.0,0.0] > ACTION_NONE == 1.9136996
[0.0,0.0,0.0,0.0,0.0,0.0,0.0,1.0] > ACTION_NONE == 1.0129621
[0.0,0.0,0.0,1.0,0.0,0.0,0.0,0.0] > ACTION_BACK == 4.9539595
[0.0,1.0,0.0,0.0,0.0,0.0,0.0,0.0] > ACTION_RIGHT == 4.7921395
[0.0,0.0,0.0,0.0,0.0,0.0,1.0,0.0] > ACTION_RIGHT == 0.37043342
[0.0,0.0,1.0,0.0,0.0,0.0,0.0,0.0] > ACTION_BACK == 2.729168
[0.0,0.0,0.0,0.0,0.0,0.0,1.0,0.0] > ACTION_NONE == -0.056660995
[0.0,0.0,0.0,0.0,0.0,1.0,0.0,0.0] > ACTION_RIGHT == 0.085885026
[0.0,0.0,1.0,0.0,0.0,0.0,0.0,0.0] > ACTION_RIGHT == 2.112843
[0.0,0.0,0.0,0.0,0.0,0.0,1.0,0.0] > ACTION_BACK == 0.71428466
[0.0,0.0,1.0,0.0,0.0,0.0,0.0,0.0] > ACTION_LEFT == 0.56982976
[0.0,0.0,0.0,0.0,0.0,0.0,0.0,0.0] > ACTION_BACK == 1.4254735
[0.0,0.0,1.0,0.0,0.0,0.0,0.0,0.0] > ACTION_NONE == 0.55466557
[0.0,0.0,0.0,1.0,0.0,0.0,0.0,0.0] > ACTION_NONE == 3.4167256
[0.0,0.0,0.0,0.0,1.0,0.0,0.0,0.0] > ACTION_RIGHT == 3.933376
[1.0,0.0,0.0,0.0,0.0,0.0,0.0,0.0] > ACTION_BACK == 5.2754507
[0.0,0.0,0.0,0.0,0.0,1.0,0.0,0.0] > ACTION_BACK == 0.21216106
[0.0,0.0,0.0,1.0,1.0,0.0,0.0,0.0] > ACTION_LEFT == 2.1916354
[1.0,0.0,0.0,0.0,0.0,0.0,0.0,0.0] > ACTION_RIGHT == 3.7466626
[0.0,0.0,0.0,0.0,1.0,0.0,0.0,0.0] > ACTION_BACK == 3.6960628
[0.0,1.0,0.0,0.0,0.0,0.0,0.0,0.0] > ACTION_NONE == 0.8373575
[0.0,1.0,0.0,0.0,0.0,0.0,0.0,0.0] > ACTION_BACK == 4.770253
[0.0,0.0,0.0,1.0,0.0,0.0,0.0,0.0] > ACTION_RIGHT == 4.931688
[0.0,0.0,0.0,0.0,1.0,0.0,0.0,0.0] > ACTION_NONE == 3.0563776
[0.0,0.0,0.0,0.0,0.0,1.0,0.0,0.0] > ACTION_NONE == 0.124779016
[0.0,0.0,0.0,1.0,1.0,0.0,0.0,0.0] > ACTION_NONE == -0.1
[0.0,0.0,0.0,0.0,0.0,0.0,0.0,0.0] > ACTION_LEFT == 0.08591255
[0.0,0.0,0.0,0.0,0.0,0.0,0.0,1.0] > ACTION_RIGHT == 1.7146063
[0.0,0.0,0.0,0.0,0.0,0.0,0.0,0.0] > ACTION_RIGHT == 1.5997044
[1.0,0.0,0.0,0.0,0.0,0.0,0.0,0.0] > ACTION_NONE == 2.0667806