GRUPO                             ACTION_LEFT  ACTION_RIGHT  ACTION_NONE  ACTION_BACK
[1.0,0.0,0.0,0.0,0.0,2.0,1.0,0.0] +0.000000    +0.000000     -0.078871    -0.079849
[1.0,0.0,0.0,2.0,0.0,0.0,1.0,1.0] +0.000000    -0.002136     +0.000000    +0.000000
[0.0,2.0,0.0,2.0,1.0,0.0,1.0,0.0] +0.000000    -0.779706     +0.000000    +0.000000
[0.0,0.0,1.0,0.0,0.0,0.0,2.0,1.0] +0.000000    -0.010092     +0.000000    +0.000000
[0.0,0.0,2.0,0.0,0.0,2.0,1.0,0.0] +0.000000    +0.000000     +0.000000    -0.092318
[0.0,1.0,0.0,2.0,0.0,0.0,1.0,0.0] -0.270508    +0.000000     -0.171905    +0.000000
[0.0,0.0,2.0,2.0,0.0,0.0,1.0,1.0] +0.000000    +0.000000     -0.100000    +0.000000
[1.0,2.0,0.0,2.0,0.0,0.0,0.0,0.0] +0.000000    +0.000000     -0.221168    -0.271000
[0.0,2.0,1.0,0.0,0.0,0.0,1.0,0.0] -0.770794    +0.000000     -0.375154    +0.000000
[2.0,0.0,0.0,1.0,0.0,2.0,0.0,0.0] +0.000000    -0.272782     +0.000000    +0.000000
[1.0,0.0,0.0,0.0,2.0,0.0,0.0,1.0] -0.144179    -0.341129     +0.000000    -0.164772
[0.0,2.0,2.0,2.0,0.0,0.0,0.0,0.0] +0.000000    +0.000000     +0.000000    -0.253971
[0.0,0.0,2.0,0.0,2.0,0.0,0.0,1.0] +0.000000    +0.000000     +0.000000    -0.710691
[0.0,1.0,2.0,0.0,2.0,0.0,2.0,1.0] +0.000000    -0.100000     +0.000000    +0.000000
[2.0,0.0,0.0,0.0,2.0,1.0,1.0,0.0] +0.000000    -0.939350     +0.000000    +0.000000
[2.0,0.0,2.0,0.0,0.0,0.0,2.0,0.0] +0.000000    -0.020201     +0.000000    +0.000000
[0.0,0.0,0.0,0.0,0.0,1.0,2.0,1.0] +0.000000    -0.112645     +0.000000    +0.000000
[0.0,0.0,0.0,1.0,0.0,0.0,0.0,2.0] +0.000000    +0.000000     -0.384338    +0.000000
[0.0,1.0,0.0,0.0,2.0,2.0,0.0,1.0] +0.000000    +0.000000     +0.000000    -0.002454
[0.0,1.0,0.0,1.0,0.0,0.0,1.0,0.0] -0.786991    +0.000000     +0.000000    +0.000000
[0.0,2.0,0.0,0.0,0.0,1.0,1.0,0.0] +0.000000    +0.000000     +0.000000    -0.841457
[0.0,0.0,0.0,0.0,1.0,2.0,0.0,1.0] -0.820324    +0.000000     +0.000000    +0.000000
[0.0,2.0,1.0,0.0,2.0,0.0,0.0,2.0] +0.000000    +0.000000     -0.798364    +0.000000
[0.0,0.0,1.0,0.0,1.0,0.0,2.0,1.0] +0.000000    -0.871469     +0.000000    +0.000000
[0.0,0.0,0.0,2.0,0.0,0.0,1.0,0.0] -0.241336    -0.168121     -0.819534    -0.346735
[0.0,0.0,1.0,0.0,2.0,1.0,0.0,1.0] +0.000000    -0.172456     +0.000000    +0.000000
[1.0,0.0,2.0,2.0,0.0,0.0,0.0,1.0] +0.000000    +0.000000     -0.106612    +0.000000
[1.0,0.0,2.0,0.0,0.0,2.0,0.0,0.0] +0.000000    +0.000000     -0.010457    -0.007151
[1.0,2.0,0.0,2.0,0.0,0.0,2.0,0.0] +0.000000    +0.000000     -0.100000    +0.000000
[0.0,1.0,1.0,0.0,0.0,0.0,1.0,0.0] +0.000000    -0.014258     -0.052269    -0.104997
[1.0,1.0,0.0,2.0,0.0,0.0,0.0,0.0] -0.394188    -0.669321     +0.000000    -0.377536
[1.0,2.0,1.0,0.0,0.0,0.0,0.0,0.0] +0.000000    -0.675313     +0.000000    +0.000000
[0.0,1.0,2.0,2.0,0.0,0.0,0.0,0.0] -0.541545    +0.000000     +0.000000    +0.000000
[1.0,0.0,0.0,0.0,2.0,0.0,2.0,1.0] +0.000000    +0.000000     -0.169836    +0.000000
[0.0,0.0,0.0,2.0,0.0,2.0,1.0,1.0] -0.093211    +0.000000     -0.027107    +0.000000
[0.0,0.0,0.0,0.0,0.0,0.0,0.0,2.0] -0.138497    -0.145686     -0.251773    -0.157808
[1.0,2.0,0.0,0.0,2.0,0.0,1.0,0.0] +0.000000    -0.244059     +0.000000    -0.620544
[0.0,0.0,0.0,0.0,1.0,1.0,2.0,1.0] +0.000000    -0.652042     +0.000000    +0.000000
[1.0,2.0,1.0,2.0,2.0,0.0,0.0,0.0] +0.000000    -0.011138     +0.000000    +0.000000
[1.0,0.0,0.0,0.0,0.0,1.0,1.0,1.0] +0.000000    +0.000000     +0.000000    -0.005521
[0.0,0.0,0.0,0.0,2.0,2.0,0.0,1.0] +0.000000    -0.180090     +0.000000    -0.207743
[0.0,0.0,0.0,2.0,2.0,0.0,0.0,2.0] +0.000000    +0.000000     -0.034406    +0.000000
[0.0,0.0,0.0,1.0,0.0,0.0,1.0,0.0] +0.000000    +0.000000     +0.000000    -0.823218
[0.0,1.0,0.0,0.0,2.0,2.0,2.0,1.0] +0.000000    -0.098453     +0.000000    +0.000000
[0.0,1.0,0.0,0.0,0.0,1.0,1.0,0.0] +0.000000    -0.362403     +0.000000    +0.000000
[0.0,2.0,0.0,0.0,2.0,2.0,0.0,2.0] +0.000000    -0.190000     +0.000000    +0.000000
[0.0,0.0,0.0,2.0,1.0,0.0,1.0,0.0] +0.000000    +0.000000     -0.490646    +0.000000
[0.0,2.0,2.0,0.0,0.0,1.0,0.0,0.0] +0.000000    -0.238146     +0.000000    +0.000000
[0.0,1.0,1.0,0.0,1.0,0.0,1.0,0.0] +0.000000    -0.092949     +0.000000    +0.000000
[1.0,0.0,2.0,0.0,0.0,2.0,2.0,0.0] +0.000000    +0.000000     +0.000000    -0.008795
[1.0,0.0,0.0,2.0,0.0,0.0,0.0,0.0] -0.595450    +0.000000     -0.825725    -0.773513
[1.0,0.0,2.0,2.0,0.0,0.0,2.0,1.0] +0.000000    -0.018290     +0.000000    +0.000000
[0.0,0.0,1.0,0.0,0.0,0.0,1.0,0.0] -0.649425    +0.000000     -0.943232    -0.872199
[1.0,2.0,0.0,0.0,0.0,2.0,0.0,0.0] +0.000000    -0.184575     -0.897634    -0.844393
[0.0,1.0,2.0,2.0,1.0,0.0,0.0,0.0] +0.000000    -0.090470     +0.000000    +0.000000
[1.0,2.0,1.0,0.0,0.0,0.0,2.0,0.0] +0.000000    -0.125964     +0.000000    +0.000000
[0.0,0.0,2.0,2.0,0.0,0.0,0.0,0.0] -0.597683    +0.000000     -0.729704    -0.654485
[0.0,1.0,2.0,2.0,0.0,0.0,2.0,0.0] +0.000000    +0.000000     +0.000000    -0.000158
[0.0,0.0,0.0,0.0,0.0,0.0,2.0,2.0] +0.000000    -0.015343     -0.025163    -0.082534
[1.0,0.0,2.0,2.0,2.0,2.0,2.0,0.0] +0.000000    -0.002480     +0.000000    +0.000000
[0.0,0.0,1.0,0.0,0.0,2.0,1.0,1.0] +0.000000    +0.000000     -0.000012    +0.000000
[2.0,2.0,0.0,0.0,2.0,0.0,0.0,0.0] +0.000000    -0.013967     +0.000000    +0.000000
[2.0,2.0,2.0,0.0,2.0,0.0,2.0,1.0] +0.000000    -0.001532     +0.000000    +0.000000
[0.0,1.0,0.0,2.0,0.0,2.0,0.0,0.0] +0.000000    -0.118093     +0.000000    +0.000000
[0.0,2.0,0.0,0.0,0.0,0.0,1.0,1.0] +0.000000    -0.282178     +0.000000    +0.000000
[1.0,2.0,2.0,0.0,2.0,0.0,0.0,0.0] +0.000000    -0.132431     +0.000000    +0.000000
[0.0,0.0,0.0,0.0,2.0,2.0,2.0,1.0] +0.000000    -0.099139     +0.000000    +0.000000
[0.0,0.0,0.0,0.0,0.0,1.0,1.0,0.0] -0.061877    -0.767569     +0.000000    -0.809725
[1.0,0.0,0.0,1.0,0.0,0.0,0.0,0.0] +0.000000    +0.000000     -0.730078    -0.889669
[1.0,1.0,0.0,0.0,0.0,1.0,0.0,0.0] -0.742561    +0.000000     +0.000000    +0.000000
[0.0,0.0,0.0,2.0,2.0,0.0,1.0,0.0] -0.336365    +0.000000     -0.323960    +0.000000
[1.0,0.0,0.0,0.0,1.0,2.0,1.0,1.0] +0.000000    +0.000000     +0.000000    -0.171095
[0.0,0.0,1.0,0.0,2.0,0.0,0.0,2.0] +0.000000    +0.000000     +0.000000    -0.794109
[1.0,2.0,0.0,1.0,0.0,0.0,0.0,1.0] +0.000000    +0.000000     +0.000000    -0.003453
[0.0,2.0,0.0,0.0,2.0,2.0,1.0,0.0] +0.000000    -0.232880     +0.000000    +0.000000
[0.0,0.0,2.0,1.0,0.0,0.0,0.0,0.0] +0.000000    +0.000000     +0.000000    -0.621694
[1.0,0.0,0.0,2.0,1.0,0.0,0.0,0.0] +0.000000    -0.875535     +0.000000    +0.000000
[2.0,0.0,0.0,0.0,0.0,2.0,0.0,1.0] +0.000000    -0.040582     +0.000000    +0.000000
[0.0,2.0,2.0,0.0,0.0,1.0,2.0,0.0] +0.000000    +0.000000     +0.000000    -0.002010
[0.0,0.0,1.0,0.0,1.0,0.0,1.0,0.0] +0.000000    -0.630489     -0.733361    +0.000000
[1.0,0.0,0.0,2.0,0.0,0.0,2.0,0.0] -0.525446    +0.000000     +0.000000    +0.000000
[0.0,0.0,2.0,2.0,1.0,0.0,0.0,0.0] +0.000000    +0.000000     +0.000000    -0.793926
[1.0,0.0,2.0,0.0,0.0,2.0,0.0,1.0] +0.000000    +0.000000     +0.000000    -0.012721
[1.0,0.0,1.0,0.0,0.0,0.0,0.0,0.0] -0.102625    -0.098495     -0.686675    -0.677254
[0.0,1.0,2.0,2.0,1.0,0.0,2.0,0.0] +0.000000    +0.000000     -0.974968    +0.000000
[1.0,1.0,1.0,0.0,0.0,0.0,2.0,0.0] +0.000000    +0.000000     +0.000000    -0.821689
[0.0,2.0,2.0,0.0,1.0,2.0,0.0,0.0] +0.000000    -0.271000     +0.000000    +0.000000
[1.0,1.0,2.0,2.0,0.0,0.0,1.0,0.0] +0.000000    +0.000000     +0.000000    -0.090132
[0.0,0.0,0.0,2.0,0.0,2.0,0.0,0.0] -0.291543    +0.000000     -0.879377    -0.816380
[0.0,1.0,0.0,0.0,0.0,0.0,1.0,1.0] -0.097588    -0.094555     -0.045701    -0.036400
[0.0,0.0,1.0,1.0,0.0,1.0,0.0,0.0] +0.000000    +0.000000     +0.000000    -0.694608
[0.0,1.0,0.0,2.0,0.0,2.0,2.0,0.0] -0.271000    +0.000000     +0.000000    +0.000000
[1.0,1.0,2.0,0.0,2.0,0.0,0.0,0.0] +0.000000    -0.098765     +0.000000    -0.016329
[0.0,2.0,0.0,2.0,0.0,2.0,0.0,1.0] +0.000000    -0.033842     +0.000000    -0.038349
[0.0,0.0,0.0,0.0,1.0,1.0,1.0,0.0] +0.000000    -0.910551     +0.000000    +0.000000
[1.0,0.0,0.0,0.0,0.0,1.0,0.0,0.0] +0.000000    -0.810963     -0.858805    -0.707009
[1.0,0.0,0.0,1.0,0.0,0.0,2.0,0.0] +0.000000    -0.123994     +0.000000    +0.000000
[0.0,0.0,1.0,0.0,2.0,0.0,2.0,2.0] +0.000000    +0.000000     +0.000000    -0.097165
[1.0,0.0,0.0,2.0,2.0,0.0,0.0,0.0] -0.476264    +0.000000     +0.000000    -0.863840
[1.0,1.0,0.0,1.0,0.0,0.0,0.0,1.0] +0.000000    +0.000000     -0.098173    +0.000000
[0.0,1.0,0.0,0.0,2.0,2.0,1.0,0.0] +0.000000    -0.034864     +0.000000    +0.000000
[0.0,0.0,1.0,0.0,2.0,0.0,1.0,0.0] -0.018650    +0.000000     +0.000000    -0.090012
[1.0,2.0,0.0,0.0,2.0,2.0,0.0,0.0] +0.000000    -0.190000     +0.000000    +0.000000
[2.0,0.0,0.0,0.0,1.0,2.0,0.0,1.0] +0.000000    +0.000000     -0.179108    +0.000000
[1.0,2.0,0.0,2.0,2.0,0.0,0.0,1.0] +0.000000    -0.168660     +0.000000    +0.000000
[1.0,0.0,0.0,2.0,1.0,0.0,2.0,0.0] +0.000000    -0.181239     +0.000000    +0.000000
[0.0,0.0,2.0,2.0,2.0,0.0,0.0,0.0] +0.000000    +0.000000     -0.014389    +0.000000
[0.0,0.0,2.0,0.0,0.0,1.0,0.0,0.0] +0.000000    -0.307726     +0.000000    -0.247725
[1.0,0.0,1.0,0.0,1.0,0.0,0.0,0.0] +0.000000    +0.000000     +0.000000    -0.181828
[1.0,2.0,0.0,0.0,0.0,1.0,0.0,1.0] +0.000000    -0.089924     +0.000000    +0.000000
[2.0,0.0,0.0,2.0,0.0,0.0,1.0,0.0] +0.000000    -0.046862     +0.000000    +0.000000
[1.0,0.0,1.0,0.0,0.0,0.0,2.0,0.0] -0.091760    -0.000570     +0.000000    -0.559861
[1.0,0.0,2.0,2.0,0.0,0.0,1.0,0.0] -0.894774    +0.000000     +0.000000    -0.171544
[0.0,2.0,0.0,1.0,0.0,2.0,0.0,1.0] +0.000000    -0.058941     +0.000000    +0.000000
[0.0,1.0,0.0,0.0,1.0,0.0,1.0,1.0] +0.000000    +0.000000     +0.000000    -0.261208
[0.0,0.0,0.0,0.0,0.0,0.0,1.0,1.0] -0.204498    -0.229270     -0.232796    -0.331127
[0.0,0.0,0.0,0.0,2.0,1.0,1.0,0.0] +0.000000    -0.105637     +0.000000    +0.000000
[1.0,1.0,0.0,0.0,0.0,0.0,0.0,1.0] -0.067843    -0.068971     +0.000000    -0.449445
[0.0,0.0,0.0,2.0,0.0,2.0,2.0,0.0] +0.000000    +0.000000     -0.004559    -0.096194
[0.0,0.0,1.0,0.0,0.0,2.0,0.0,0.0] +0.000000    +0.000000     +0.000000    -0.715533
[0.0,0.0,1.0,2.0,0.0,0.0,0.0,1.0] +0.000000    -0.029724     +0.000000    +0.000000
[0.0,0.0,2.0,2.0,0.0,2.0,0.0,2.0] +0.000000    +0.000000     +0.000000    -0.186389
[1.0,0.0,0.0,0.0,1.0,1.0,0.0,0.0] +0.000000    -0.323765     +0.000000    +0.000000
[0.0,1.0,2.0,0.0,0.0,0.0,0.0,1.0] -0.128996    +0.000000     +0.000000    -0.271062
[0.0,2.0,0.0,0.0,0.0,0.0,0.0,0.0] -0.293945    -0.316827     -0.832673    -0.228796
[0.0,2.0,2.0,0.0,0.0,0.0,2.0,1.0] +0.000000    +0.000000     +0.000000    -0.022001
[1.0,0.0,0.0,0.0,0.0,1.0,2.0,0.0] +0.000000    +0.000000     +0.000000    -0.192373
[1.0,0.0,0.0,2.0,2.0,0.0,2.0,0.0] +0.000000    +0.000000     +0.000000    -0.444242
[1.0,1.0,0.0,0.0,2.0,2.0,0.0,0.0] +0.000000    +0.000000     -0.247147    +0.000000
[1.0,0.0,2.0,0.0,2.0,2.0,0.0,1.0] +0.000000    -0.099000     +0.000000    +0.000000
[0.0,0.0,2.0,0.0,0.0,1.0,2.0,0.0] +0.000000    +0.000000     -0.008121    +0.000000
[0.0,0.0,2.0,2.0,2.0,0.0,2.0,0.0] +0.000000    +0.000000     +0.000000    -0.100000
[1.0,2.0,1.0,0.0,2.0,0.0,0.0,1.0] +0.000000    -0.031408     +0.000000    +0.000000
[1.0,2.0,2.0,0.0,1.0,2.0,1.0,0.0] +0.000000    -0.100000     +0.000000    +0.000000
[0.0,0.0,0.0,1.0,0.0,2.0,2.0,0.0] +0.000000    -0.497760     +0.000000    -0.461317
[0.0,0.0,0.0,2.0,0.0,1.0,0.0,1.0] -0.723451    -0.190000     +0.000000    +0.000000
[0.0,0.0,2.0,1.0,0.0,2.0,0.0,2.0] +0.000000    +0.000000     +0.000000    -0.011073
[0.0,0.0,0.0,0.0,1.0,0.0,1.0,1.0] +0.000000    +0.000000     +0.000000    -0.918905
[1.0,0.0,0.0,0.0,0.0,0.0,0.0,1.0] -0.330435    -0.279906     -0.313242    -0.522948
[1.0,1.0,0.0,0.0,0.0,0.0,2.0,1.0] +0.000000    +0.000000     +0.000000    -0.022032
[0.0,0.0,1.0,0.0,0.0,2.0,2.0,0.0] +0.000000    -0.100000     +0.000000    +0.000000
[1.0,0.0,2.0,0.0,0.0,0.0,2.0,2.0] +0.000000    -0.010314     +0.000000    +0.000000
[0.0,2.0,0.0,0.0,1.0,0.0,0.0,0.0] +0.000000    +0.000000     +0.000000    -0.888202
[1.0,2.0,0.0,0.0,0.0,0.0,0.0,2.0] +0.000000    +0.000000     +0.000000    -0.015270
[0.0,0.0,2.0,0.0,0.0,0.0,0.0,1.0] -0.826913    -0.161544     -0.519102    -0.120288
[0.0,1.0,0.0,0.0,0.0,0.0,0.0,0.0] -0.340134    -0.258474     -0.349436    -0.302716
[0.0,1.0,2.0,0.0,0.0,0.0,2.0,1.0] -0.009377    +0.000000     -0.019186    +0.000000
[0.0,2.0,0.0,0.0,0.0,0.0,2.0,0.0] -0.084189    -0.076050     -0.079746    -0.075192
[0.0,2.0,0.0,1.0,2.0,0.0,0.0,0.0] +0.000000    -0.090422     +0.000000    +0.000000
[1.0,0.0,0.0,0.0,2.0,2.0,0.0,0.0] -0.082684    -0.187643     -0.807189    -0.097369
[1.0,0.0,0.0,2.0,2.0,0.0,0.0,1.0] -0.100000    +0.000000     +0.000000    +0.000000
[1.0,1.0,0.0,2.0,2.0,0.0,2.0,1.0] +0.000000    -0.105396     +0.000000    +0.000000
[0.0,1.0,0.0,2.0,0.0,0.0,0.0,2.0] +0.000000    -0.835461     +0.000000    +0.000000
[0.0,1.0,0.0,1.0,1.0,2.0,0.0,1.0] +0.000000    +0.000000     -0.190000    +0.000000
[0.0,0.0,0.0,0.0,2.0,0.0,1.0,1.0] +0.000000    -0.544306     -0.784204    +0.000000
[0.0,0.0,0.0,2.0,2.0,2.0,2.0,0.0] -0.455469    +0.000000     +0.000000    +0.000000
[1.0,0.0,0.0,0.0,1.0,0.0,0.0,1.0] +0.000000    -0.915524     +0.000000    -0.953034
[1.0,0.0,0.0,0.0,0.0,0.0,2.0,1.0] -0.101237    +0.000000     -0.110082    -0.101902
[0.0,0.0,2.0,0.0,1.0,0.0,0.0,1.0] +0.000000    -0.817035     +0.000000    +0.000000
[2.0,0.0,0.0,2.0,0.0,2.0,0.0,0.0] -0.100000    +0.000000     +0.000000    +0.000000
[0.0,1.0,0.0,0.0,1.0,0.0,0.0,0.0] -0.952300    +0.000000     -0.892329    -0.923019
[1.0,0.0,0.0,1.0,2.0,0.0,0.0,1.0] +0.000000    +0.000000     +0.000000    -0.468559
[1.0,1.0,0.0,0.0,2.0,1.0,0.0,1.0] +0.000000    -0.091534     +0.000000    +0.000000
[1.0,2.0,0.0,0.0,0.0,0.0,2.0,2.0] +0.000000    -0.012149     +0.000000    +0.000000
[0.0,2.0,0.0,0.0,1.0,0.0,2.0,0.0] +0.000000    -0.271000     +0.000000    +0.000000
[0.0,0.0,2.0,0.0,0.0,0.0,2.0,1.0] -0.027262    +0.000000     -0.028551    -0.058549
[0.0,1.0,0.0,0.0,0.0,0.0,2.0,0.0] -0.128863    -0.080284     -0.736731    -0.169498
[1.0,2.0,0.0,0.0,0.0,0.0,1.0,0.0] +0.000000    -0.085368     +0.000000    -0.083284
[0.0,0.0,2.0,0.0,2.0,1.0,2.0,0.0] +0.000000    -0.190000     +0.000000    +0.000000
[0.0,2.0,0.0,0.0,2.0,1.0,0.0,0.0] +0.000000    -0.100000     +0.000000    -0.091219
[1.0,2.0,1.0,2.0,0.0,0.0,0.0,0.0] +0.000000    -0.018902     +0.000000    +0.000000
[0.0,2.0,2.0,0.0,0.0,0.0,1.0,0.0] +0.000000    +0.000000     +0.000000    -0.776115
[1.0,0.0,1.0,0.0,2.0,0.0,0.0,1.0] +0.000000    -0.008986     +0.000000    +0.000000
[0.0,0.0,0.0,0.0,0.0,2.0,0.0,1.0] -0.206458    -0.185299     -0.224164    -0.569656
[0.0,0.0,0.0,2.0,0.0,0.0,0.0,2.0] +0.000000    +0.000000     -0.038841    -0.022576
[0.0,1.0,0.0,0.0,0.0,2.0,2.0,1.0] +0.000000    +0.000000     +0.000000    -0.017439
[0.0,0.0,0.0,2.0,2.0,2.0,0.0,1.0] +0.000000    -0.786847     +0.000000    +0.000000
[1.0,0.0,0.0,0.0,1.0,0.0,2.0,1.0] +0.000000    -0.169773     +0.000000    +0.000000
[0.0,1.0,0.0,0.0,2.0,0.0,0.0,0.0] +0.000000    +0.000000     -0.549137    -0.911900
[1.0,2.0,0.0,2.0,0.0,1.0,0.0,0.0] +0.000000    -0.020191     +0.000000    +0.000000
[0.0,2.0,0.0,0.0,2.0,0.0,2.0,0.0] -0.089917    +0.000000     +0.000000    -0.090812
[0.0,0.0,0.0,0.0,1.0,0.0,0.0,0.0] -0.932190    -0.996073     -0.835698    -0.911694
[0.0,0.0,2.0,0.0,1.0,0.0,2.0,1.0] +0.000000    -0.183594     +0.000000    +0.000000
[0.0,1.0,0.0,0.0,1.0,0.0,2.0,0.0] +0.000000    -0.857613     +0.000000    -0.100000
[1.0,0.0,2.0,0.0,0.0,0.0,1.0,1.0] +0.000000    +0.000000     -0.056829    +0.000000
[1.0,1.0,0.0,0.0,0.0,0.0,1.0,0.0] -0.105815    +0.000000     +0.000000    -0.727153
[2.0,2.0,0.0,0.0,0.0,0.0,0.0,0.0] +0.000000    +0.000000     -0.013008    +0.000000
[0.0,1.0,0.0,1.0,2.0,0.0,2.0,0.0] +0.000000    -0.100000     +0.000000    +0.000000
[1.0,1.0,2.0,1.0,2.0,0.0,1.0,1.0] -0.171012    +0.000000     +0.000000    +0.000000
[1.0,2.0,1.0,2.0,0.0,0.0,2.0,0.0] +0.000000    -0.024095     +0.000000    +0.000000
[0.0,1.0,2.0,0.0,0.0,0.0,1.0,0.0] -0.003894    -0.090538     +0.000000    -0.016315
[1.0,2.0,2.0,0.0,0.0,0.0,0.0,0.0] +0.000000    -0.029575     +0.000000    +0.000000
[0.0,0.0,0.0,0.0,0.0,2.0,2.0,1.0] +0.000000    -0.056118     +0.000000    +0.000000
[0.0,0.0,0.0,2.0,0.0,0.0,2.0,2.0] +0.000000    +0.000000     -0.100000    -0.194229
[0.0,0.0,0.0,1.0,2.0,2.0,0.0,1.0] +0.000000    -0.774335     +0.000000    +0.000000
[0.0,1.0,0.0,0.0,0.0,2.0,0.0,2.0] +0.000000    -0.038350     +0.000000    +0.000000
[0.0,0.0,1.0,0.0,0.0,0.0,0.0,2.0] +0.000000    -0.012722     -0.014394    -0.024039
[0.0,2.0,0.0,0.0,0.0,2.0,1.0,0.0] +0.000000    -0.012019     +0.000000    -0.101377
[0.0,2.0,1.0,2.0,0.0,2.0,0.0,0.0] -0.586540    +0.000000     +0.000000    +0.000000
[1.0,1.0,0.0,0.0,2.0,0.0,0.0,2.0] +0.000000    -0.190000     +0.000000    +0.000000
[0.0,0.0,0.0,0.0,2.0,0.0,0.0,0.0] -0.890576    -0.762742     -0.765346    -0.662275
[0.0,0.0,1.0,1.0,0.0,0.0,1.0,0.0] +0.000000    -0.015552     +0.000000    +0.000000
[1.0,2.0,0.0,1.0,0.0,2.0,0.0,0.0] +0.000000    -0.029160     +0.000000    +0.000000
[0.0,1.0,0.0,0.0,2.0,0.0,2.0,0.0] -0.883586    +0.000000     +0.000000    +0.000000
[0.0,2.0,0.0,0.0,2.0,0.0,0.0,1.0] -0.055629    +0.000000     -0.321096    +0.000000
[0.0,0.0,0.0,0.0,1.0,0.0,2.0,0.0] +0.000000    -0.803914     -0.864105    -0.496138
[0.0,1.0,2.0,2.0,0.0,1.0,0.0,0.0] -0.100000    -0.171469     -0.822676    +0.000000
[0.0,2.0,2.0,1.0,0.0,2.0,0.0,0.0] +0.000000    +0.000000     -0.358725    +0.000000
[1.0,2.0,0.0,2.0,1.0,2.0,0.0,0.0] +0.000000    -0.024505     +0.000000    +0.000000
[2.0,1.0,0.0,0.0,0.0,0.0,0.0,0.0] +0.000000    -0.097377     +0.000000    -0.000024
[0.0,0.0,0.0,0.0,0.0,1.0,0.0,2.0] +0.000000    -0.172086     +0.000000    -0.023738
[1.0,0.0,1.0,2.0,0.0,0.0,0.0,0.0] +0.000000    -0.009458     +0.000000    +0.000000
[1.0,1.0,2.0,0.0,0.0,0.0,0.0,0.0] +0.000000    +0.000000     -0.042104    +0.000000
[1.0,2.0,2.0,0.0,0.0,0.0,2.0,0.0] -0.000651    +0.000000     +0.000000    +0.000000
[1.0,0.0,0.0,0.0,0.0,2.0,1.0,1.0] +0.000000    +0.000000     -0.108623    +0.000000
[0.0,1.0,0.0,0.0,0.0,2.0,1.0,0.0] +0.000000    +0.000000     +0.000000    -0.037009
[1.0,2.0,0.0,2.0,0.0,0.0,0.0,1.0] -0.369484    +0.000000     +0.000000    +0.000000
[0.0,1.0,1.0,2.0,0.0,2.0,0.0,0.0] +0.000000    -0.008103     +0.000000    +0.000000
[0.0,2.0,1.0,2.0,0.0,2.0,2.0,0.0] +0.000000    -0.014346     +0.000000    +0.000000
[0.0,2.0,1.0,0.0,0.0,0.0,1.0,1.0] +0.000000    +0.000000     +0.000000    -0.012532
[1.0,0.0,0.0,0.0,2.0,0.0,0.0,2.0] +0.000000    -0.017197     -0.000438    +0.000000
[0.0,2.0,2.0,2.0,0.0,0.0,0.0,1.0] -0.100000    +0.000000     +0.000000    +0.000000
[1.0,0.0,0.0,2.0,0.0,1.0,0.0,0.0] +0.000000    -0.721130     +0.000000    +0.000000
[0.0,0.0,0.0,0.0,2.0,0.0,2.0,0.0] -0.199385    -0.190795     -0.220302    -0.226408
[1.0,1.0,0.0,1.0,0.0,2.0,0.0,0.0] +0.000000    +0.000000     +0.000000    -0.100000
[0.0,0.0,1.0,0.0,0.0,1.0,1.0,0.0] +0.000000    -0.237121     +0.000000    +0.000000
[1.0,1.0,0.0,0.0,2.0,0.0,1.0,0.0] +0.000000    -0.715843     +0.000000    +0.000000
[1.0,0.0,0.0,0.0,1.0,0.0,1.0,0.0] +0.000000    +0.000000     +0.000000    -0.880915
[0.0,0.0,2.0,2.0,0.0,1.0,0.0,0.0] +0.000000    +0.000000     +0.000000    -0.013888
[0.0,1.0,2.0,0.0,2.0,0.0,1.0,0.0] +0.000000    -0.098795     +0.000000    +0.000000
[2.0,0.0,0.0,0.0,0.0,0.0,0.0,0.0] +0.000000    +0.000000     -0.132714    -0.134247
[0.0,0.0,2.0,0.0,1.0,0.0,1.0,0.0] +0.000000    -0.758024     +0.000000    -0.104382
[1.0,1.0,2.0,0.0,1.0,0.0,0.0,0.0] +0.000000    +0.000000     +0.000000    -0.172821
[1.0,2.0,2.0,0.0,1.0,0.0,2.0,0.0] +0.000000    +0.000000     -0.791380    +0.000000
[1.0,0.0,2.0,0.0,0.0,0.0,0.0,0.0] -0.199427    -0.119485     -0.127837    -0.134888
[0.0,2.0,0.0,0.0,0.0,1.0,1.0,1.0] +0.000000    +0.000000     +0.000000    -0.002590
[1.0,0.0,1.0,0.0,0.0,0.0,1.0,2.0] -0.028167    +0.000000     +0.000000    +0.000000
[0.0,0.0,0.0,0.0,0.0,2.0,1.0,0.0] +0.000000    -0.139290     -0.156671    -0.102319
[1.0,0.0,0.0,1.0,0.0,1.0,0.0,0.0] +0.000000    +0.000000     -0.100000    +0.000000
[0.0,0.0,0.0,2.0,0.0,0.0,1.0,1.0] +0.000000    +0.000000     +0.000000    -0.209994
[1.0,1.0,0.0,0.0,0.0,2.0,0.0,0.0] -0.035443    -0.063289     +0.000000    +0.000000
[1.0,1.0,0.0,2.0,0.0,0.0,0.0,1.0] +0.000000    +0.000000     -0.233947    +0.000000
[0.0,0.0,1.0,2.0,0.0,2.0,0.0,0.0] -0.100000    +0.000000     +0.000000    -0.099090
[1.0,2.0,0.0,2.0,0.0,0.0,2.0,1.0] +0.000000    -0.017898     +0.000000    +0.000000
[0.0,0.0,2.0,2.0,0.0,0.0,2.0,0.0] +0.000000    +0.000000     -0.107392    +0.000000
[0.0,1.0,2.0,0.0,0.0,2.0,0.0,0.0] +0.000000    +0.000000     -0.017100    -0.000012
[0.0,2.0,0.0,2.0,0.0,0.0,0.0,0.0] -0.174987    -0.183901     -0.137907    -0.180293
[1.0,0.0,0.0,0.0,2.0,0.0,1.0,0.0] +0.000000    -0.758629     +0.000000    -0.467053
[1.0,0.0,1.0,1.0,0.0,0.0,2.0,0.0] +0.000000    +0.000000     -0.000293    +0.000000
[1.0,0.0,1.0,0.0,0.0,1.0,0.0,0.0] +0.000000    +0.000000     +0.000000    -0.020524
[1.0,0.0,1.0,2.0,2.0,0.0,0.0,0.0] +0.000000    +0.000000     +0.000000    -0.000002
[1.0,2.0,0.0,0.0,2.0,0.0,1.0,1.0] -0.010425    +0.000000     +0.000000    +0.000000
[0.0,0.0,2.0,0.0,2.0,0.0,1.0,0.0] +0.000000    +0.000000     +0.000000    -0.370549
[1.0,2.0,1.0,0.0,2.0,2.0,0.0,0.0] +0.000000    -0.190000     +0.000000    +0.000000
[2.0,0.0,0.0,0.0,0.0,0.0,2.0,0.0] +0.000000    -0.014652     +0.000000    +0.000000
[1.0,0.0,2.0,0.0,1.0,0.0,0.0,0.0] +0.000000    -0.203019     +0.000000    +0.000000
[0.0,0.0,0.0,1.0,0.0,0.0,1.0,1.0] +0.000000    -0.210630     +0.000000    +0.000000
[1.0,0.0,2.0,1.0,2.0,0.0,0.0,0.0] +0.000000    -0.244832     +0.000000    +0.000000
[2.0,0.0,0.0,0.0,0.0,2.0,2.0,1.0] +0.000000    +0.000000     -0.004429    +0.000000
[0.0,2.0,0.0,1.0,0.0,0.0,0.0,0.0] +0.000000    +0.000000     -0.909864    +0.000000
[1.0,0.0,0.0,0.0,0.0,2.0,0.0,0.0] -0.110168    -0.097323     -0.107285    -0.099088
[1.0,1.0,0.0,0.0,0.0,2.0,2.0,0.0] +0.000000    -0.006915     +0.000000    +0.000000
[1.0,0.0,0.0,2.0,0.0,0.0,0.0,1.0] -0.689968    +0.000000     -0.434695    -0.819962
[1.0,1.0,0.0,2.0,0.0,0.0,2.0,1.0] +0.000000    -0.000013     +0.000000    +0.000000
[0.0,0.0,1.0,0.0,0.0,0.0,1.0,1.0] +0.000000    +0.000000     -0.225078    -0.735165
[1.0,2.0,0.0,0.0,0.0,2.0,0.0,1.0] +0.000000    +0.000000     +0.000000    -0.216450
[1.0,1.0,1.0,0.0,0.0,0.0,0.0,1.0] +0.000000    -0.513084     +0.000000    +0.000000
[0.0,0.0,2.0,0.0,0.0,2.0,0.0,0.0] -0.074253    -0.198974     -0.030740    -0.047484
[0.0,2.0,0.0,2.0,1.0,0.0,0.0,0.0] -0.189100    -0.718508     +0.000000    +0.000000
[0.0,0.0,2.0,2.0,0.0,0.0,0.0,1.0] -0.186734    -0.021638     +0.000000    -0.142342
[1.0,0.0,0.0,1.0,1.0,2.0,0.0,0.0] +0.000000    -0.836596     +0.000000    +0.000000
[0.0,1.0,2.0,0.0,0.0,2.0,2.0,0.0] +0.000000    +0.000000     +0.000000    -0.044569
[0.0,2.0,0.0,2.0,0.0,0.0,2.0,0.0] -0.244228    -0.126584     -0.176237    -0.046130
[0.0,1.0,2.0,0.0,1.0,2.0,0.0,0.0] +0.000000    -0.100000     +0.000000    +0.000000
[0.0,2.0,1.0,0.0,0.0,0.0,0.0,0.0] +0.000000    +0.000000     -0.884958    +0.000000
[0.0,0.0,1.0,2.0,0.0,2.0,2.0,0.0] +0.000000    -0.022408     +0.000000    +0.000000
[2.0,0.0,0.0,0.0,2.0,0.0,0.0,0.0] +0.000000    -0.920234     +0.000000    +0.000000
[1.0,0.0,2.0,0.0,2.0,0.0,0.0,0.0] +0.000000    -0.171210     -0.101653    +0.000000
[1.0,1.0,2.0,0.0,2.0,0.0,2.0,0.0] +0.000000    -0.190000     +0.000000    +0.000000
[0.0,1.0,0.0,2.0,0.0,2.0,0.0,1.0] +0.000000    +0.000000     +0.000000    -0.097778
[0.0,2.0,0.0,0.0,0.0,0.0,1.0,2.0] +0.000000    -0.001824     -0.000832    +0.000000
[1.0,0.0,2.0,0.0,1.0,0.0,2.0,0.0] +0.000000    -0.875864     +0.000000    +0.000000
[0.0,0.0,0.0,0.0,0.0,1.0,1.0,1.0] +0.000000    -0.276293     +0.000000    -0.104775
[1.0,0.0,0.0,1.0,0.0,0.0,0.0,1.0] +0.000000    +0.000000     +0.000000    -0.281706
[0.0,0.0,0.0,0.0,2.0,2.0,1.0,0.0] +0.000000    -0.413282     +0.000000    +0.000000
[0.0,0.0,0.0,2.0,2.0,0.0,1.0,1.0] +0.000000    -0.172513     +0.000000    -0.100000
[0.0,0.0,1.0,2.0,2.0,2.0,0.0,0.0] +0.000000    -0.014303     +0.000000    +0.000000
[1.0,0.0,0.0,0.0,1.0,2.0,0.0,0.0] +0.000000    -0.095126     +0.000000    -0.175991
[0.0,0.0,2.0,1.0,0.0,0.0,0.0,1.0] +0.000000    +0.000000     -0.110324    +0.000000
[0.0,2.0,0.0,0.0,0.0,1.0,0.0,0.0] +0.000000    +0.000000     -0.028294    -0.046575
[0.0,1.0,0.0,1.0,0.0,0.0,0.0,0.0] -0.225990    -0.094392     +0.000000    -0.302995
[0.0,1.0,2.0,0.0,0.0,1.0,0.0,1.0] +0.000000    -0.171611     +0.000000    +0.000000
[0.0,0.0,1.0,0.0,1.0,0.0,1.0,1.0] +0.000000    +0.000000     +0.000000    -0.750537
[0.0,2.0,0.0,2.0,2.0,0.0,0.0,0.0] +0.000000    +0.000000     +0.000000    -0.011376
[1.0,0.0,0.0,0.0,0.0,2.0,2.0,0.0] -0.100000    -0.197841     -0.093190    +0.000000
[0.0,0.0,2.0,0.0,1.0,2.0,0.0,0.0] +0.000000    -0.850847     +0.000000    +0.000000
[1.0,0.0,0.0,2.0,0.0,0.0,2.0,1.0] +0.000000    -0.123167     +0.000000    +0.000000
[0.0,0.0,2.0,2.0,1.0,0.0,0.0,1.0] +0.000000    -0.409510     +0.000000    +0.000000
[0.0,1.0,0.0,2.0,1.0,0.0,0.0,0.0] +0.000000    -0.846561     +0.000000    +0.000000
[1.0,0.0,1.0,0.0,0.0,0.0,0.0,1.0] +0.000000    +0.000000     -0.703404    -0.312019
[0.0,2.0,1.0,0.0,1.0,0.0,0.0,0.0] +0.000000    +0.000000     +0.000000    -0.100000
[0.0,0.0,2.0,0.0,0.0,2.0,2.0,0.0] +0.000000    +0.000000     -0.106497    +0.000000
[1.0,2.0,0.0,2.0,0.0,0.0,1.0,0.0] +0.000000    +0.000000     +0.000000    -0.033641
[0.0,2.0,1.0,0.0,0.0,0.0,2.0,0.0] +0.000000    -0.020422     +0.000000    -0.015162
[1.0,0.0,2.0,0.0,2.0,0.0,2.0,0.0] +0.000000    -0.105971     +0.000000    +0.000000
[0.0,0.0,0.0,2.0,0.0,2.0,0.0,1.0] +0.000000    +0.000000     +0.000000    -0.224784
[1.0,1.0,2.0,0.0,2.0,0.0,0.0,1.0] +0.000000    -0.100000     +0.000000    -0.002264
[1.0,0.0,0.0,0.0,0.0,1.0,0.0,1.0] +0.000000    +0.000000     -0.153265    -0.014027
[0.0,1.0,0.0,1.0,1.0,0.0,0.0,0.0] +0.000000    -0.231695     +0.000000    +0.000000
[1.0,1.0,0.0,0.0,0.0,1.0,2.0,1.0] +0.000000    -0.011338     +0.000000    -0.100000
[0.0,2.0,0.0,0.0,1.0,1.0,0.0,0.0] +0.000000    +0.000000     +0.000000    -0.128407
[1.0,0.0,0.0,1.0,0.0,0.0,2.0,1.0] +0.000000    -0.127931     +0.000000    +0.000000
[0.0,0.0,0.0,1.0,0.0,0.0,0.0,0.0] -0.899417    -0.700274     -0.866480    -0.789360
[0.0,1.0,0.0,0.0,0.0,1.0,0.0,0.0] -0.853706    +0.000000     -0.774822    +0.000000
[0.0,0.0,2.0,0.0,2.0,2.0,0.0,0.0] +0.000000    +0.000000     +0.000000    -0.108887
[0.0,2.0,0.0,0.0,0.0,1.0,2.0,0.0] +0.000000    +0.000000     -0.644077    +0.000000
[0.0,0.0,2.0,2.0,2.0,0.0,0.0,1.0] +0.000000    +0.000000     +0.000000    -0.192938
[1.0,1.0,0.0,0.0,1.0,2.0,0.0,1.0] +0.000000    -0.100000     +0.000000    +0.000000
[1.0,0.0,1.0,0.0,1.0,0.0,0.0,1.0] +0.000000    -0.100000     +0.000000    -0.203753
[0.0,1.0,2.0,1.0,0.0,0.0,0.0,2.0] +0.000000    +0.000000     +0.000000    -0.100000
[0.0,1.0,2.0,2.0,2.0,0.0,2.0,1.0] +0.000000    -0.060962     +0.000000    +0.000000
[0.0,2.0,1.0,0.0,2.0,0.0,0.0,0.0] +0.000000    -0.829363     +0.000000    -0.068702
[0.0,0.0,2.0,0.0,1.0,2.0,2.0,0.0] +0.000000    -0.835787     +0.000000    +0.000000
[0.0,1.0,0.0,2.0,2.0,0.0,0.0,0.0] -0.859324    -0.184214     -0.192460    -0.328832
[0.0,0.0,2.0,0.0,0.0,1.0,0.0,1.0] +0.000000    -0.100000     +0.000000    -0.000293
[1.0,0.0,1.0,0.0,0.0,0.0,2.0,1.0] +0.000000    -0.008558     +0.000000    +0.000000
[0.0,1.0,0.0,1.0,0.0,0.0,2.0,0.0] -0.758637    +0.000000     +0.000000    -0.706170
[0.0,2.0,0.0,2.0,2.0,0.0,2.0,0.0] +0.000000    +0.000000     +0.000000    -0.242632
[1.0,0.0,2.0,0.0,0.0,2.0,1.0,0.0] +0.000000    -0.011428     +0.000000    +0.000000
[0.0,2.0,2.0,1.0,0.0,0.0,1.0,0.0] +0.000000    +0.000000     +0.000000    -0.091421
[1.0,1.0,0.0,2.0,0.0,0.0,1.0,0.0] +0.000000    -0.105565     +0.000000    +0.000000
[1.0,2.0,2.0,2.0,0.0,0.0,0.0,0.0] +0.000000    +0.000000     +0.000000    -0.026167
[0.0,1.0,0.0,0.0,1.0,0.0,1.0,2.0] +0.000000    +0.000000     +0.000000    -0.720641
[0.0,0.0,0.0,0.0,0.0,0.0,1.0,2.0] -0.019226    +0.000000     -0.022224    +0.000000
[0.0,0.0,0.0,0.0,2.0,1.0,1.0,1.0] +0.000000    -0.914712     +0.000000    +0.000000
[1.0,1.0,0.0,0.0,0.0,0.0,0.0,2.0] +0.000000    +0.000000     -0.069799    +0.000000
[0.0,0.0,1.0,0.0,0.0,2.0,0.0,1.0] -0.974968    +0.000000     -0.012799    -0.100000
[0.0,0.0,0.0,0.0,0.0,0.0,0.0,0.0] -0.939018    -0.797678     -0.979295    -0.336703
[0.0,0.0,0.0,2.0,0.0,2.0,2.0,1.0] +0.000000    -0.011392     +0.000000    +0.000000
[0.0,1.0,2.0,0.0,0.0,0.0,0.0,2.0] -0.006069    +0.000000     +0.000000    +0.000000
[0.0,2.0,0.0,2.0,0.0,2.0,1.0,0.0] +0.000000    -0.006912     +0.000000    +0.000000
[0.0,2.0,0.0,0.0,0.0,0.0,0.0,1.0] -0.215384    -0.182873     -0.175762    -0.176196
[0.0,0.0,0.0,1.0,1.0,0.0,0.0,0.0] -0.769878    -0.852996     +0.000000    +0.000000
[0.0,1.0,0.0,0.0,1.0,1.0,0.0,0.0] +0.000000    -0.252900     +0.000000    +0.000000
[1.0,0.0,0.0,2.0,2.0,0.0,2.0,1.0] +0.000000    -0.100000     +0.000000    +0.000000
[0.0,2.0,0.0,0.0,1.0,1.0,2.0,0.0] -0.882199    +0.000000     +0.000000    +0.000000
[1.0,1.0,0.0,0.0,2.0,2.0,0.0,1.0] -0.017049    +0.000000     +0.000000    +0.000000
[0.0,0.0,0.0,1.0,0.0,0.0,2.0,0.0] -0.872643    -0.090210     -0.421757    -0.597019
[1.0,1.0,0.0,1.0,0.0,0.0,1.0,0.0] +0.000000    -0.075329     +0.000000    +0.000000
[0.0,0.0,0.0,2.0,2.0,0.0,0.0,0.0] -0.888658    -0.835729     -0.954406    -0.948234
[0.0,0.0,2.0,0.0,2.0,2.0,2.0,0.0] +0.000000    +0.000000     +0.000000    -0.149941
[0.0,1.0,0.0,2.0,2.0,0.0,2.0,0.0] +0.000000    -0.109343     +0.000000    -0.201824
[0.0,2.0,0.0,0.0,2.0,2.0,0.0,0.0] -0.791230    +0.000000     +0.000000    +0.000000
[2.0,0.0,2.0,0.0,0.0,2.0,0.0,0.0] +0.000000    -0.016752     +0.000000    +0.000000
[1.0,1.0,1.0,0.0,0.0,0.0,1.0,0.0] +0.000000    -0.017100     +0.000000    -0.001163
[2.0,2.0,2.0,0.0,0.0,2.0,0.0,1.0] +0.000000    +0.000000     -0.000023    +0.000000
[1.0,1.0,2.0,2.0,0.0,0.0,0.0,0.0] +0.000000    -0.013030     +0.000000    +0.000000
[1.0,0.0,0.0,0.0,0.0,0.0,0.0,2.0] +0.000000    +0.000000     +0.000000    -0.130745
[0.0,2.0,0.0,0.0,1.0,0.0,0.0,1.0] -0.815169    +0.000000     +0.000000    +0.000000
[0.0,0.0,0.0,0.0,0.0,0.0,2.0,0.0] -0.266167    -0.242649     -0.259964    -0.261402
[0.0,0.0,0.0,1.0,2.0,0.0,0.0,0.0] -0.852844    +0.000000     -0.815602    -0.636950
[0.0,0.0,2.0,0.0,0.0,0.0,0.0,2.0] +0.000000    +0.000000     -0.020984    -0.034955
[0.0,1.0,0.0,0.0,2.0,1.0,0.0,0.0] +0.000000    +0.000000     +0.000000    -0.857907
[0.0,1.0,0.0,0.0,0.0,0.0,0.0,1.0] -0.176064    -0.168757     -0.227519    -0.286057
[0.0,2.0,0.0,0.0,0.0,0.0,2.0,1.0] +0.000000    -0.042204     -0.054201    -0.076400
[0.0,0.0,0.0,0.0,1.0,1.0,0.0,0.0] +0.000000    -0.802171     +0.000000    -0.942119
[0.0,0.0,0.0,1.0,1.0,0.0,2.0,0.0] -0.252900    +0.000000     +0.000000    +0.000000
[1.0,0.0,0.0,0.0,2.0,2.0,0.0,1.0] +0.000000    -0.013468     +0.000000    +0.000000
[1.0,0.0,0.0,1.0,0.0,0.0,1.0,0.0] +0.000000    +0.000000     -0.257655    +0.000000
[2.0,1.0,0.0,1.0,0.0,0.0,0.0,0.0] +0.000000    +0.000000     +0.000000    -0.025508
[0.0,0.0,0.0,2.0,2.0,0.0,2.0,0.0] -0.197411    -0.181001     +0.000000    -0.859812
[1.0,1.0,0.0,2.0,2.0,0.0,1.0,0.0] +0.000000    -0.100000     +0.000000    +0.000000
[0.0,0.0,1.0,0.0,2.0,0.0,0.0,0.0] +0.000000    -0.419442     -0.244987    -0.239898
[0.0,0.0,2.0,1.0,0.0,0.0,1.0,0.0] +0.000000    -0.872978     +0.000000    +0.000000
[1.0,1.0,2.0,1.0,0.0,0.0,0.0,0.0] +0.000000    +0.000000     +0.000000    -0.100000
[2.0,0.0,0.0,2.0,0.0,0.0,0.0,0.0] +0.000000    -0.059682     -0.098201    +0.000000
[0.0,0.0,0.0,2.0,2.0,2.0,2.0,1.0] +0.000000    +0.000000     +0.000000    -0.100000
[0.0,1.0,0.0,1.0,0.0,2.0,2.0,2.0] +0.000000    +0.000000     +0.000000    -0.193175
[0.0,0.0,1.0,0.0,0.0,1.0,0.0,2.0] +0.000000    +0.000000     +0.000000    -0.190000
[0.0,0.0,0.0,2.0,0.0,1.0,1.0,0.0] +0.000000    -0.003944     +0.000000    +0.000000
[0.0,0.0,0.0,0.0,2.0,0.0,1.0,2.0] +0.000000    -0.096356     +0.000000    +0.000000
[1.0,0.0,0.0,0.0,0.0,0.0,2.0,2.0] +0.000000    +0.000000     +0.000000    -0.011276
[0.0,1.0,0.0,0.0,1.0,0.0,0.0,1.0] -0.891005    +0.000000     +0.000000    +0.000000
[0.0,2.0,0.0,0.0,1.0,0.0,2.0,1.0] -0.007014    +0.000000     +0.000000    +0.000000
[1.0,0.0,0.0,0.0,0.0,0.0,1.0,0.0] -0.178730    -0.173078     -0.174727    -0.181188
[0.0,0.0,0.0,0.0,2.0,1.0,0.0,0.0] -0.000058    -0.171589     +0.000000    +0.000000
[1.0,1.0,0.0,2.0,0.0,2.0,0.0,0.0] +0.000000    -0.029545     +0.000000    +0.000000
[0.0,0.0,0.0,1.0,2.0,0.0,2.0,0.0] +0.000000    +0.000000     -0.763422    +0.000000
[0.0,1.0,0.0,0.0,0.0,0.0,2.0,1.0] -0.529625    +0.000000     +0.000000    -0.833128
[0.0,0.0,2.0,0.0,0.0,0.0,1.0,0.0] -0.137209    -0.086323     -0.051041    -0.035321
[1.0,2.0,1.0,2.0,0.0,0.0,0.0,1.0] +0.000000    -0.003567     +0.000000    +0.000000
[0.0,2.0,2.0,0.0,0.0,0.0,1.0,1.0] +0.000000    -0.000782     +0.000000    -0.013592
[2.0,0.0,0.0,1.0,0.0,0.0,0.0,0.0] +0.000000    +0.000000     +0.000000    -0.092930
[1.0,0.0,0.0,2.0,2.0,0.0,1.0,0.0] +0.000000    -0.007579     +0.000000    +0.000000
[0.0,0.0,0.0,0.0,0.0,2.0,0.0,2.0] -0.085824    -0.090111     -0.021821    +0.000000
[0.0,0.0,1.0,0.0,2.0,0.0,2.0,0.0] +0.000000    +0.000000     +0.000000    -0.077611
[1.0,0.0,2.0,1.0,0.0,0.0,0.0,0.0] +0.000000    +0.000000     +0.000000    -0.016061
[2.0,0.0,1.0,0.0,0.0,0.0,0.0,0.0] +0.000000    -0.036338     +0.000000    +0.000000
[0.0,0.0,0.0,1.0,0.0,2.0,1.0,0.0] +0.000000    -0.028738     +0.000000    +0.000000
[0.0,1.0,0.0,0.0,2.0,0.0,0.0,1.0] -0.141782    -0.259490     -0.159322    -0.725280
[0.0,2.0,0.0,0.0,2.0,0.0,2.0,1.0] +0.000000    -0.014695     +0.000000    +0.000000
[0.0,0.0,0.0,0.0,1.0,0.0,0.0,1.0] -0.796375    -0.925767     +0.000000    -0.912170
[0.0,1.0,0.0,0.0,1.0,0.0,2.0,1.0] +0.000000    +0.000000     +0.000000    -0.801371
[1.0,0.0,0.0,2.0,0.0,2.0,0.0,0.0] +0.000000    +0.000000     -0.106565    -0.092301
[0.0,0.0,0.0,0.0,2.0,1.0,2.0,0.0] +0.000000    -0.254322     +0.000000    +0.000000
[1.0,1.0,0.0,2.0,0.0,2.0,2.0,0.0] +0.000000    +0.000000     +0.000000    -0.050784
[1.0,0.0,1.0,2.0,0.0,0.0,2.0,0.0] -0.180000    +0.000000     +0.000000    +0.000000
[2.0,2.0,0.0,0.0,0.0,0.0,0.0,1.0] +0.000000    -0.027235     +0.000000    +0.000000
[1.0,1.0,0.0,0.0,0.0,0.0,1.0,1.0] +0.000000    -0.023233     -0.567580    +0.000000
[0.0,0.0,2.0,2.0,0.0,2.0,0.0,0.0] -0.868167    +0.000000     +0.000000    -0.363248
[0.0,1.0,2.0,0.0,0.0,0.0,1.0,1.0] -0.061155    +0.000000     -0.791612    +0.000000
[1.0,2.0,2.0,0.0,0.0,0.0,0.0,1.0] +0.000000    +0.000000     -0.026552    +0.000000
[1.0,0.0,1.0,0.0,2.0,0.0,1.0,0.0] +0.000000    -0.031213     +0.000000    -0.017752
[1.0,2.0,2.0,1.0,1.0,0.0,0.0,1.0] +0.000000    -0.091778     +0.000000    +0.000000
[1.0,0.0,2.0,0.0,0.0,1.0,0.0,0.0] +0.000000    -0.179181     +0.000000    -0.100533
[1.0,0.0,2.0,1.0,0.0,0.0,2.0,0.0] +0.000000    +0.000000     +0.000000    -0.190000
[1.0,0.0,2.0,2.0,1.0,0.0,2.0,0.0] +0.000000    -0.172170     +0.000000    +0.000000
[0.0,0.0,0.0,0.0,2.0,0.0,0.0,1.0] -0.736421    -0.851018     -0.686434    -0.649835
[1.0,1.0,0.0,2.0,0.0,1.0,0.0,1.0] +0.000000    -0.099000     +0.000000    +0.000000
[0.0,1.0,0.0,0.0,2.0,0.0,2.0,1.0] +0.000000    -0.112383     +0.000000    +0.000000
[0.0,0.0,2.0,1.0,0.0,2.0,0.0,0.0] -0.782218    +0.000000     +0.000000    +0.000000
[0.0,0.0,2.0,2.0,0.0,1.0,2.0,0.0] +0.000000    -0.100000     +0.000000    +0.000000
[1.0,0.0,0.0,2.0,1.0,2.0,0.0,0.0] +0.000000    +0.000000     -0.860421    -0.771232
[0.0,0.0,0.0,0.0,1.0,0.0,2.0,1.0] -0.638208    -0.804255     +0.000000    +0.000000
[0.0,2.0,0.0,2.0,0.0,1.0,0.0,0.0] +0.000000    -0.090075     +0.000000    -0.098106
[1.0,1.0,0.0,0.0,1.0,0.0,1.0,1.0] +0.000000    -0.100000     +0.000000    +0.000000
[0.0,2.0,1.0,1.0,0.0,0.0,0.0,0.0] +0.000000    +0.000000     +0.000000    -0.190000
[1.0,0.0,0.0,2.0,0.0,2.0,2.0,0.0] +0.000000    -0.252900     +0.000000    +0.000000
[1.0,0.0,0.0,0.0,0.0,0.0,1.0,1.0] -0.750826    +0.000000     -0.202582    -0.185927
[2.0,1.0,0.0,0.0,0.0,0.0,0.0,1.0] +0.000000    -0.015891     +0.000000    +0.000000
[1.0,0.0,1.0,0.0,0.0,2.0,0.0,0.0] +0.000000    -0.004789     +0.000000    +0.000000
[0.0,2.0,0.0,0.0,1.0,0.0,1.0,0.0] +0.000000    -0.742277     +0.000000    +0.000000
[1.0,0.0,1.0,2.0,0.0,0.0,0.0,1.0] +0.000000    +0.000000     +0.000000    -0.033903
[1.0,0.0,2.0,0.0,0.0,0.0,2.0,0.0] -0.812796    -0.022110     -0.020065    -0.023481
[1.0,2.0,0.0,0.0,0.0,0.0,0.0,0.0] -0.174593    -0.184158     -0.175452    -0.652740
[2.0,0.0,0.0,0.0,0.0,1.0,2.0,0.0] +0.000000    +0.000000     +0.000000    -0.106125
[0.0,2.0,2.0,0.0,0.0,0.0,0.0,0.0] -0.051775    -0.123637     -0.064333    -0.065550
[0.0,1.0,0.0,0.0,0.0,2.0,1.0,1.0] +0.000000    -0.157716     +0.000000    +0.000000
[0.0,0.0,2.0,0.0,0.0,2.0,1.0,2.0] +0.000000    -0.006373     +0.000000    +0.000000
[0.0,1.0,0.0,2.0,0.0,0.0,0.0,0.0] -0.417771    +0.000000     -0.878032    -0.828213
[0.0,2.0,0.0,1.0,0.0,1.0,0.0,0.0] +0.000000    +0.000000     +0.000000    -0.100000
[0.0,0.0,2.0,1.0,1.0,2.0,0.0,0.0] +0.000000    +0.000000     +0.000000    -0.095344
[1.0,0.0,0.0,2.0,0.0,1.0,0.0,1.0] +0.000000    -0.102564     +0.000000    +0.000000
[0.0,0.0,0.0,0.0,2.0,0.0,2.0,1.0] -0.168775    -0.185466     +0.000000    -0.211912
[1.0,0.0,0.0,0.0,1.0,0.0,1.0,1.0] +0.000000    +0.000000     +0.000000    -0.090921
[0.0,0.0,2.0,2.0,2.0,2.0,0.0,0.0] +0.000000    -0.190000     +0.000000    +0.000000
[0.0,0.0,2.0,2.0,0.0,1.0,0.0,1.0] +0.000000    +0.000000     -0.000000    +0.000000
[0.0,2.0,0.0,0.0,2.0,0.0,1.0,0.0] +0.000000    +0.000000     -0.156386    -0.100000
[2.0,0.0,0.0,0.0,0.0,0.0,0.0,1.0] +0.000000    -0.074317     -0.030771    +0.000000
[0.0,2.0,1.0,2.0,2.0,0.0,0.0,0.0] -0.844278    +0.000000     +0.000000    +0.000000
[1.0,2.0,0.0,0.0,1.0,0.0,0.0,0.0] -0.117557    +0.000000     -0.180000    +0.000000
[1.0,0.0,1.0,0.0,0.0,2.0,2.0,0.0] +0.000000    -0.112230     +0.000000    +0.000000
[1.0,0.0,2.0,0.0,0.0,0.0,0.0,1.0] +0.000000    -0.049228     -0.130827    -0.045117
[1.0,0.0,2.0,0.0,2.0,1.0,0.0,0.0] +0.000000    +0.000000     -0.740118    +0.000000
[1.0,2.0,0.0,1.0,2.0,0.0,0.0,0.0] +0.000000    +0.000000     +0.000000    -0.841717
[0.0,2.0,2.0,1.0,2.0,0.0,0.0,0.0] +0.000000    +0.000000     -0.100000    +0.000000
[0.0,0.0,0.0,0.0,0.0,2.0,1.0,1.0] +0.000000    -0.707294     +0.000000    -0.090793
[1.0,1.0,0.0,0.0,0.0,2.0,0.0,1.0] -0.104526    +0.000000     +0.000000    +0.000000
[0.0,0.0,0.0,2.0,0.0,0.0,1.0,2.0] +0.000000    -0.038407     +0.000000    +0.000000
[0.0,0.0,0.0,2.0,0.0,0.0,0.0,0.0] -0.626196    -0.898783     -0.870703    -0.850270
[0.0,1.0,0.0,2.0,0.0,0.0,2.0,0.0] -0.194197    +0.000000     -0.167284    -0.191183
[0.0,0.0,2.0,1.0,0.0,1.0,0.0,1.0] +0.000000    -0.025666     +0.000000    +0.000000
[0.0,1.0,2.0,0.0,0.0,2.0,0.0,1.0] +0.000000    -0.171210     +0.000000    +0.000000
[0.0,1.0,1.0,0.0,0.0,0.0,0.0,0.0] +0.000000    -0.094892     +0.000000    -0.775054
[0.0,2.0,2.0,0.0,0.0,2.0,2.0,1.0] +0.000000    -0.023540     +0.000000    +0.000000
[0.0,2.0,0.0,2.0,0.0,0.0,0.0,1.0] -0.413795    +0.000000     +0.000000    -0.127650
[0.0,2.0,0.0,0.0,0.0,2.0,0.0,0.0] -0.104215    -0.097622     -0.113415    -0.045104
[1.0,0.0,0.0,0.0,2.0,0.0,1.0,1.0] +0.000000    -0.090005     -0.100000    +0.000000
[0.0,1.0,0.0,0.0,2.0,0.0,1.0,0.0] +0.000000    +0.000000     -0.714752    +0.000000
[0.0,0.0,1.0,1.0,0.0,0.0,0.0,0.0] +0.000000    -0.699603     +0.000000    -0.119173
[1.0,2.0,0.0,0.0,2.0,0.0,0.0,0.0] -0.187085    -0.186005     -0.102375    -0.281344
[0.0,1.0,1.0,2.0,2.0,0.0,0.0,0.0] -0.100000    +0.000000     +0.000000    +0.000000
[2.0,0.0,0.0,0.0,0.0,0.0,2.0,1.0] +0.000000    -0.015214     +0.000000    -0.023856
[1.0,1.0,0.0,0.0,1.0,0.0,0.0,0.0] -0.880579    -0.810166     +0.000000    -0.098158
[1.0,0.0,2.0,2.0,1.0,2.0,1.0,0.0] +0.000000    -0.856674     +0.000000    +0.000000
[0.0,2.0,2.0,0.0,2.0,0.0,0.0,0.0] -0.105212    +0.000000     +0.000000    +0.000000
[0.0,1.0,2.0,0.0,1.0,0.0,0.0,0.0] +0.000000    +0.000000     +0.000000    -0.865453
[0.0,0.0,0.0,1.0,0.0,0.0,1.0,2.0] +0.000000    -0.818473     +0.000000    +0.000000
[0.0,2.0,2.0,0.0,1.0,0.0,2.0,0.0] +0.000000    +0.000000     +0.000000    -0.268496
[2.0,2.0,0.0,0.0,0.0,0.0,1.0,0.0] +0.000000    -0.008253     +0.000000    +0.000000
[0.0,2.0,0.0,1.0,0.0,0.0,0.0,1.0] +0.000000    +0.000000     +0.000000    -0.171497
[0.0,0.0,0.0,2.0,1.0,0.0,0.0,0.0] -0.387374    +0.000000     -0.595067    -0.859319
[1.0,0.0,0.0,0.0,0.0,2.0,0.0,1.0] -0.058940    -0.189337     -0.061620    -0.100920
[1.0,0.0,0.0,2.0,0.0,0.0,0.0,2.0] +0.000000    +0.000000     +0.000000    -0.001011
[0.0,2.0,0.0,0.0,1.0,2.0,0.0,0.0] +0.000000    -0.235379     +0.000000    +0.000000
[0.0,2.0,0.0,2.0,1.0,0.0,0.0,1.0] +0.000000    -0.468559     +0.000000    +0.000000
[0.0,0.0,0.0,1.0,0.0,1.0,0.0,0.0] +0.000000    -0.337068     +0.000000    -0.291760
[0.0,0.0,0.0,2.0,0.0,0.0,2.0,0.0] -0.257990    -0.132512     -0.153192    -0.184557
[0.0,0.0,2.0,0.0,0.0,2.0,0.0,1.0] +0.000000    -0.112841     -0.109076    -0.122729
[0.0,0.0,1.0,0.0,0.0,0.0,0.0,0.0] -0.920858    -0.818681     -0.717203    -0.367523
[0.0,2.0,0.0,0.0,0.0,2.0,2.0,0.0] -0.084048    +0.000000     +0.000000    +0.000000
[0.0,1.0,1.0,0.0,0.0,0.0,2.0,0.0] -0.007882    +0.000000     +0.000000    +0.000000
[0.0,1.0,0.0,0.0,0.0,2.0,0.0,0.0] -0.070289    -0.066983     -0.719879    -0.105713
[0.0,2.0,0.0,2.0,0.0,0.0,2.0,1.0] +0.000000    -0.000966     +0.000000    +0.000000
[0.0,2.0,1.0,0.0,0.0,0.0,0.0,1.0] +0.000000    -0.008694     +0.000000    -0.020936
[0.0,1.0,2.0,2.0,0.0,0.0,1.0,0.0] +0.000000    -0.007428     +0.000000    +0.000000
[0.0,2.0,1.0,2.0,0.0,2.0,1.0,0.0] +0.000000    -0.014267     +0.000000    +0.000000
[1.0,1.0,0.0,0.0,2.0,0.0,0.0,0.0] -0.085765    -0.129635     +0.000000    -0.743011
[1.0,0.0,2.0,0.0,2.0,0.0,0.0,1.0] +0.000000    -0.080781     +0.000000    -0.911371
[1.0,2.0,0.0,0.0,2.0,0.0,2.0,0.0] +0.000000    +0.000000     -0.189717    +0.000000
[0.0,0.0,1.0,2.0,2.0,0.0,0.0,0.0] +0.000000    +0.000000     +0.000000    -0.177564
[1.0,1.0,0.0,0.0,1.0,0.0,2.0,0.0] +0.000000    -0.766688     +0.000000    +0.000000
[0.0,1.0,2.0,0.0,2.0,0.0,0.0,0.0] -0.737528    +0.000000     +0.000000    +0.000000
[1.0,0.0,0.0,1.0,0.0,0.0,0.0,2.0] +0.000000    +0.000000     +0.000000    -0.020207
[0.0,0.0,0.0,0.0,0.0,1.0,0.0,0.0] -0.872644    -0.880151     -0.605179    -0.881518
[0.0,1.0,0.0,0.0,0.0,1.0,2.0,0.0] -0.757963    +0.000000     +0.000000    -0.024334
[1.0,0.0,0.0,0.0,1.0,2.0,0.0,1.0] +0.000000    -0.160781     +0.000000    +0.000000
[0.0,1.0,0.0,1.0,0.0,0.0,0.0,1.0] -0.919330    +0.000000     +0.000000    +0.000000
[0.0,2.0,0.0,0.0,0.0,1.0,0.0,1.0] +0.000000    -0.733233     -0.100000    +0.000000
[0.0,2.0,0.0,2.0,2.0,0.0,0.0,1.0] -0.099000    -0.003660     +0.000000    +0.000000
[0.0,0.0,0.0,1.0,1.0,1.0,0.0,0.0] +0.000000    +0.000000     +0.000000    -0.916254
[1.0,0.0,0.0,0.0,0.0,2.0,2.0,1.0] +0.000000    +0.000000     -0.039680    +0.000000
[0.0,0.0,2.0,0.0,1.0,2.0,0.0,1.0] +0.000000    +0.000000     -0.717579    +0.000000
[0.0,0.0,0.0,2.0,1.0,0.0,2.0,0.0] +0.000000    -0.789791     +0.000000    +0.000000
[1.0,0.0,0.0,1.0,2.0,2.0,0.0,1.0] +0.000000    +0.000000     -0.100000    +0.000000
[0.0,1.0,0.0,2.0,1.0,0.0,0.0,1.0] +0.000000    -0.825721     +0.000000    +0.000000
[1.0,0.0,1.0,0.0,0.0,0.0,0.0,2.0] +0.000000    -0.003587     +0.000000    -0.183067
[1.0,0.0,0.0,2.0,0.0,0.0,1.0,0.0] +0.000000    +0.000000     -0.048714    -0.043051
[0.0,0.0,1.0,0.0,1.0,0.0,0.0,0.0] +0.000000    +0.000000     -0.897411    +0.000000
[0.0,0.0,0.0,2.0,2.0,1.0,0.0,0.0] +0.000000    -0.107652     +0.000000    +0.000000
[0.0,0.0,1.0,0.0,0.0,0.0,2.0,0.0] -0.912757    +0.000000     +0.000000    -0.910028
[0.0,0.0,2.0,1.0,2.0,2.0,0.0,1.0] +0.000000    +0.000000     +0.000000    -0.136799
[1.0,2.0,0.0,2.0,0.0,0.0,1.0,1.0] +0.000000    -0.012725     +0.000000    +0.000000
[0.0,0.0,1.0,1.0,2.0,0.0,0.0,0.0] +0.000000    -0.118621     +0.000000    +0.000000
[0.0,0.0,2.0,2.0,0.0,0.0,1.0,0.0] -0.090073    +0.000000     +0.000000    -0.073037
[0.0,2.0,1.0,0.0,0.0,0.0,2.0,1.0] -0.023216    +0.000000     -0.011516    +0.000000
[0.0,1.0,1.0,0.0,2.0,1.0,0.0,0.0] +0.000000    +0.000000     -0.677568    +0.000000
[0.0,2.0,1.0,0.0,2.0,1.0,2.0,0.0] +0.000000    -0.751597     +0.000000    +0.000000
[0.0,2.0,2.0,0.0,0.0,2.0,1.0,0.0] +0.000000    -0.022476     +0.000000    +0.000000
[2.0,0.0,0.0,0.0,2.0,0.0,2.0,1.0] +0.000000    +0.000000     -0.875202    +0.000000
[1.0,0.0,0.0,0.0,2.0,0.0,0.0,0.0] -0.829353    -0.627579     -0.568369    -0.825682
[1.0,1.0,0.0,0.0,2.0,0.0,2.0,0.0] +0.000000    +0.000000     +0.000000    -0.099000
[0.0,0.0,0.0,2.0,0.0,2.0,0.0,2.0] +0.000000    -0.015051     +0.000000    +0.000000
[0.0,0.0,2.0,0.0,2.0,0.0,0.0,0.0] +0.000000    -0.556288     +0.000000    -0.494529
[0.0,2.0,0.0,0.0,1.0,1.0,0.0,1.0] +0.000000    -0.098173     +0.000000    +0.000000
[0.0,0.0,0.0,0.0,0.0,1.0,2.0,0.0] -0.096659    -0.090071     +0.000000    -0.679963
[0.0,0.0,0.0,1.0,0.0,0.0,0.0,1.0] -0.303187    -0.250210     -0.846998    -0.416782
[0.0,1.0,0.0,0.0,0.0,1.0,0.0,1.0] +0.000000    -0.171001     +0.000000    -0.116423
[0.0,1.0,0.0,1.0,0.0,0.0,2.0,1.0] +0.000000    +0.000000     +0.000000    -0.100000
[0.0,2.0,0.0,0.0,0.0,1.0,2.0,1.0] +0.000000    +0.000000     +0.000000    -0.054132
[0.0,2.0,0.0,0.0,2.0,2.0,2.0,0.0] -0.091092    +0.000000     +0.000000    +0.000000
[0.0,1.0,0.0,0.0,2.0,2.0,0.0,0.0] -0.036754    +0.000000     +0.000000    +0.000000
[0.0,0.0,0.0,0.0,1.0,2.0,0.0,0.0] -0.851282    +0.000000     +0.000000    -0.903150
[0.0,0.0,1.0,0.0,1.0,0.0,2.0,0.0] +0.000000    -0.100000     +0.000000    +0.000000
[1.0,1.0,0.0,0.0,0.0,2.0,1.0,0.0] +0.000000    -0.053891     +0.000000    +0.000000
[1.0,0.0,1.0,0.0,0.0,0.0,1.0,0.0] -0.001548    -0.106695     +0.000000    +0.000000
[1.0,0.0,2.0,2.0,0.0,0.0,0.0,0.0] +0.000000    -0.048227     +0.000000    -0.113492
[1.0,1.0,2.0,2.0,0.0,0.0,2.0,0.0] +0.000000    +0.000000     +0.000000    -0.111539
[1.0,2.0,2.0,0.0,0.0,2.0,0.0,0.0] +0.000000    -0.039657     +0.000000    +0.000000
[1.0,0.0,0.0,0.0,2.0,0.0,2.0,0.0] +0.000000    +0.000000     -0.276113    -0.271641
[1.0,0.0,1.0,2.0,2.0,0.0,1.0,0.0] -0.100000    +0.000000     +0.000000    +0.000000
[0.0,0.0,0.0,2.0,0.0,2.0,1.0,0.0] +0.000000    +0.000000     +0.000000    -0.114870
[0.0,0.0,0.0,0.0,0.0,0.0,0.0,1.0] -0.395118    -0.319306     -0.376890    -0.259887
[0.0,2.0,0.0,0.0,0.0,0.0,0.0,2.0] +0.000000    +0.000000     -0.063146    -0.069380
[0.0,0.0,0.0,1.0,1.0,0.0,0.0,1.0] +0.000000    -0.756720     +0.000000    +0.000000
[1.0,0.0,0.0,0.0,0.0,1.0,1.0,0.0] +0.000000    -0.306686     +0.000000    +0.000000
[0.0,0.0,0.0,1.0,0.0,0.0,2.0,1.0] +0.000000    -0.113615     +0.000000    -0.107344
[0.0,0.0,0.0,0.0,2.0,2.0,0.0,0.0] -0.726166    -0.306802     -0.326394    -0.271000
[0.0,0.0,0.0,2.0,2.0,0.0,0.0,1.0] -0.808219    +0.000000     -0.229579    -0.227517
[1.0,2.0,0.0,0.0,0.0,1.0,1.0,1.0] +0.000000    -0.040843     +0.000000    +0.000000
[0.0,1.0,0.0,2.0,2.0,0.0,2.0,1.0] +0.000000    -0.090040     +0.000000    +0.000000
[0.0,0.0,2.0,0.0,0.0,1.0,1.0,0.0] +0.000000    +0.000000     +0.000000    -0.170599
[0.0,1.0,1.0,0.0,2.0,0.0,0.0,1.0] +0.000000    -0.100000     +0.000000    +0.000000
[0.0,2.0,0.0,1.0,0.0,0.0,1.0,0.0] -0.090168    +0.000000     +0.000000    +0.000000
[0.0,0.0,1.0,0.0,1.0,0.0,0.0,1.0] -0.741744    +0.000000     -0.872026    +0.000000
[2.0,1.0,0.0,0.0,0.0,2.0,0.0,0.0] -0.007014    +0.000000     +0.000000    +0.000000
[1.0,0.0,2.0,2.0,0.0,0.0,2.0,0.0] +0.000000    +0.000000     +0.000000    -0.171794
[1.0,1.0,2.0,0.0,0.0,2.0,0.0,0.0] -0.000075    +0.000000     +0.000000    +0.000000
[0.0,0.0,0.0,0.0,0.0,0.0,2.0,1.0] -0.188267    +0.000000     -0.207657    -0.160767
[0.0,0.0,1.0,0.0,0.0,2.0,1.0,0.0] +0.000000    -0.000084     +0.000000    +0.000000
[0.0,0.0,0.0,1.0,2.0,0.0,0.0,1.0] -0.824684    +0.000000     +0.000000    +0.000000
[0.0,1.0,0.0,0.0,0.0,0.0,0.0,2.0] -0.028581    +0.000000     -0.100000    -0.033787
[0.0,2.0,0.0,0.0,0.0,0.0,2.0,2.0] +0.000000    +0.000000     +0.000000    -0.020641
[0.0,2.0,0.0,1.0,2.0,0.0,0.0,2.0] +0.000000    -0.100000     +0.000000    +0.000000
[0.0,0.0,0.0,0.0,1.0,1.0,0.0,1.0] +0.000000    -0.780530     +0.000000    +0.000000
[0.0,2.0,0.0,0.0,0.0,0.0,1.0,0.0] -0.106667    -0.724304     -0.112426    -0.174173
[0.0,2.0,1.0,2.0,0.0,0.0,0.0,0.0] -0.011504    +0.000000     -0.006082    +0.000000
[0.0,0.0,0.0,0.0,2.0,2.0,2.0,0.0] +0.000000    -0.314496     +0.000000    -0.433283
[0.0,0.0,0.0,2.0,2.0,0.0,2.0,1.0] +0.000000    -0.100000     +0.000000    +0.000000
[0.0,0.0,1.0,0.0,2.0,0.0,0.0,1.0] +0.000000    +0.000000     -0.315055    +0.000000
[1.0,2.0,0.0,1.0,0.0,0.0,0.0,0.0] +0.000000    -0.011131     +0.000000    +0.000000
[0.0,0.0,2.0,0.0,1.0,2.0,1.0,0.0] +0.000000    +0.000000     +0.000000    -0.091937
[0.0,2.0,2.0,1.0,0.0,0.0,0.0,0.0] +0.000000    -0.102723     +0.000000    +0.000000
[1.0,2.0,0.0,2.0,1.0,0.0,0.0,0.0] -0.100000    +0.000000     +0.000000    +0.000000
[0.0,0.0,0.0,2.0,0.0,1.0,1.0,1.0] +0.000000    -0.171012     -0.170543    +0.000000
[1.0,1.0,2.0,0.0,0.0,2.0,2.0,0.0] +0.000000    -0.111838     +0.000000    +0.000000
[0.0,0.0,0.0,0.0,2.0,1.0,0.0,1.0] +0.000000    -0.002706     +0.000000    +0.000000
[0.0,1.0,0.0,0.0,0.0,0.0,2.0,2.0] +0.000000    -0.001824     +0.000000    -0.031291
[0.0,1.0,0.0,0.0,0.0,0.0,1.0,0.0] -0.160692    -0.114966     -0.674612    -0.638029
[0.0,0.0,2.0,2.0,0.0,2.0,2.0,0.0] +0.000000    +0.000000     +0.000000    -0.118115
[0.0,0.0,2.0,0.0,0.0,0.0,1.0,1.0] -0.010020    -0.023505     +0.000000    -0.036758
[0.0,2.0,0.0,2.0,0.0,2.0,0.0,0.0] +0.000000    -0.049723     +0.000000    +0.000000
[2.0,1.0,0.0,0.0,0.0,1.0,0.0,1.0] +0.000000    -0.008918     +0.000000    +0.000000
[0.0,2.0,0.0,0.0,1.0,1.0,1.0,0.0] +0.000000    -0.913562     +0.000000    +0.000000
[0.0,0.0,1.0,0.0,2.0,0.0,2.0,1.0] +0.000000    +0.000000     +0.000000    -0.100000
[1.0,1.0,0.0,1.0,0.0,0.0,0.0,0.0] +0.000000    -0.154625     +0.000000    +0.000000
[0.0,0.0,2.0,0.0,2.0,2.0,1.0,0.0] -0.100000    +0.000000     +0.000000    +0.000000
[1.0,2.0,0.0,1.0,0.0,0.0,2.0,0.0] +0.000000    +0.000000     -0.852473    +0.000000
[0.0,0.0,2.0,2.0,2.0,0.0,1.0,1.0] +0.000000    +0.000000     +0.000000    -0.098100
[1.0,2.0,0.0,0.0,0.0,1.0,0.0,0.0] +0.000000    -0.147404     +0.000000    +0.000000
[1.0,2.0,0.0,2.0,2.0,0.0,0.0,0.0] +0.000000    +0.000000     -0.096638    +0.000000
[0.0,1.0,2.0,1.0,0.0,0.0,0.0,0.0] -0.312595    +0.000000     +0.000000    +0.000000
[0.0,2.0,2.0,1.0,0.0,0.0,2.0,0.0] +0.000000    +0.000000     +0.000000    -0.872857
[0.0,0.0,0.0,1.0,0.0,2.0,1.0,1.0] +0.000000    -0.006986     +0.000000    +0.000000
[0.0,1.0,0.0,0.0,2.0,0.0,0.0,2.0] +0.000000    +0.000000     +0.000000    -0.768587
[0.0,1.0,0.0,2.0,0.0,1.0,0.0,0.0] +0.000000    +0.000000     -0.219195    +0.000000
[0.0,1.0,2.0,1.0,0.0,2.0,0.0,1.0] +0.000000    -0.100000     +0.000000    +0.000000
[0.0,0.0,0.0,0.0,1.0,0.0,0.0,2.0] +0.000000    +0.000000     +0.000000    -0.242299
[0.0,2.0,0.0,1.0,0.0,2.0,0.0,0.0] +0.000000    -0.001553     +0.000000    +0.000000
[0.0,1.0,0.0,0.0,1.0,0.0,1.0,0.0] +0.000000    -0.881609     +0.000000    +0.000000
[1.0,0.0,0.0,2.0,0.0,2.0,0.0,1.0] +0.000000    -0.181034     +0.000000    +0.000000
[1.0,1.0,0.0,0.0,0.0,0.0,1.0,2.0] +0.000000    +0.000000     +0.000000    -0.002590
[0.0,2.0,0.0,2.0,1.0,2.0,0.0,0.0] +0.000000    -0.091465     +0.000000    +0.000000
[0.0,0.0,0.0,0.0,0.0,0.0,1.0,0.0] -0.269467    -0.341246     -0.323224    -0.307610
[1.0,1.0,0.0,0.0,0.0,0.0,0.0,0.0] -0.243717    -0.168514     -0.185959    -0.173667
[0.0,0.0,2.0,2.0,0.0,2.0,0.0,1.0] +0.000000    +0.000000     +0.000000    -0.019982
[1.0,2.0,0.0,0.0,0.0,0.0,2.0,0.0] -0.000073    +0.000000     -0.020548    -0.016749
[0.0,0.0,1.0,2.0,0.0,0.0,0.0,0.0] +0.000000    -0.064467     +0.000000    -0.842243
[0.0,1.0,0.0,1.0,2.0,0.0,1.0,0.0] +0.000000    +0.000000     +0.000000    -0.100000
[0.0,2.0,1.0,0.0,0.0,2.0,0.0,0.0] +0.000000    -0.009000     -0.001011    +0.000000
[0.0,0.0,0.0,1.0,1.0,0.0,1.0,0.0] +0.000000    -0.820745     +0.000000    +0.000000
[0.0,1.0,2.0,0.0,0.0,0.0,0.0,0.0] -0.699276    -0.148268     -0.133060    -0.151905
[0.0,2.0,2.0,0.0,0.0,0.0,2.0,0.0] +0.000000    -0.113473     +0.000000    +0.000000
[1.0,0.0,2.0,0.0,2.0,2.0,0.0,0.0] +0.000000    +0.000000     -0.250447    +0.000000
[1.0,1.0,0.0,2.0,2.0,0.0,0.0,0.0] +0.000000    -0.100000     +0.000000    +0.000000
[0.0,0.0,0.0,0.0,2.0,0.0,0.0,2.0] +0.000000    +0.000000     -0.162341    +0.000000
[0.0,0.0,0.0,2.0,0.0,1.0,0.0,0.0] -0.863240    +0.000000     +0.000000    -0.638657
[0.0,0.0,2.0,1.0,0.0,2.0,0.0,1.0] +0.000000    -0.017652     +0.000000    +0.000000
[0.0,1.0,0.0,1.0,0.0,2.0,0.0,0.0] +0.000000    +0.000000     +0.000000    -0.100000
[0.0,0.0,0.0,0.0,1.0,0.0,1.0,0.0] +0.000000    +0.000000     -0.909183    +0.000000
[1.0,0.0,0.0,0.0,0.0,0.0,1.0,2.0] +0.000000    +0.000000     -0.019378    +0.000000
[0.0,0.0,1.0,2.0,1.0,0.0,0.0,0.0] +0.000000    -0.305964     +0.000000    +0.000000
[1.0,0.0,1.0,0.0,0.0,2.0,0.0,1.0] +0.000000    +0.000000     +0.000000    -0.019865
[1.0,0.0,0.0,0.0,0.0,0.0,0.0,0.0] -0.632223    -0.283028     -0.828082    -0.376694
[1.0,1.0,0.0,0.0,0.0,0.0,2.0,0.0] -0.094144    +0.000000     +0.000000    -0.096509
[0.0,2.0,1.0,0.0,1.0,2.0,0.0,0.0] +0.000000    -0.100000     +0.000000    +0.000000
[1.0,0.0,2.0,0.0,0.0,0.0,2.0,1.0] +0.000000    +0.000000     +0.000000    -0.031819
[1.0,1.0,0.0,1.0,2.0,0.0,0.0,0.0] +0.000000    +0.000000     +0.000000    -0.100000
[1.0,2.0,0.0,0.0,0.0,0.0,0.0,1.0] -0.129055    -0.120038     +0.000000    -0.122758
[1.0,1.0,2.0,0.0,0.0,0.0,0.0,2.0] +0.000000    -0.007014     +0.000000    +0.000000
[0.0,0.0,2.0,0.0,0.0,0.0,0.0,0.0] -0.204960    -0.242220     -0.275888    -0.218890
[0.0,0.0,1.0,2.0,0.0,0.0,2.0,0.0] +0.000000    +0.000000     +0.000000    -0.683262
[0.0,1.0,2.0,0.0,0.0,0.0,2.0,0.0] -0.009639    -0.005733     +0.000000    -0.032779
[1.0,0.0,0.0,1.0,1.0,0.0,0.0,0.0] +0.000000    +0.000000     +0.000000    -0.213269
[0.0,2.0,2.0,0.0,0.0,0.0,0.0,1.0] +0.000000    -0.043744     +0.000000    -0.047595
[0.0,1.0,0.0,2.0,0.0,0.0,0.0,1.0] +0.000000    -0.050917     +0.000000    -0.054072
[0.0,2.0,0.0,1.0,0.0,1.0,0.0,1.0] +0.000000    -0.018145     +0.000000    +0.000000
[0.0,1.0,0.0,1.0,1.0,2.0,0.0,0.0] +0.000000    +0.000000     +0.000000    -0.241071
[0.0,0.0,0.0,1.0,0.0,2.0,0.0,0.0] +0.000000    -0.775497     -0.932519    -0.025902
[0.0,0.0,0.0,0.0,2.0,0.0,1.0,0.0] +0.000000    -0.268732     -0.750897    -0.286960
[0.0,0.0,1.0,0.0,0.0,1.0,0.0,0.0] +0.000000    -0.319579     +0.000000    +0.000000
[0.0,0.0,1.0,1.0,0.0,0.0,2.0,0.0] +0.000000    -0.091901     +0.000000    -0.133168
[0.0,1.0,0.0,2.0,2.0,2.0,0.0,0.0] +0.000000    -0.001475     +0.000000    +0.000000
[0.0,2.0,0.0,0.0,2.0,0.0,1.0,1.0] -0.010182    +0.000000     +0.000000    +0.000000
[1.0,0.0,0.0,0.0,1.0,0.0,0.0,0.0] -0.883142    -0.924364     -0.901589    -0.801721
[0.0,1.0,1.0,1.0,0.0,0.0,0.0,1.0] +0.000000    +0.000000     +0.000000    -0.100000
[0.0,2.0,1.0,0.0,2.0,2.0,0.0,0.0] -0.000073    +0.000000     +0.000000    +0.000000
[1.0,2.0,0.0,0.0,1.0,0.0,0.0,1.0] +0.000000    -0.193326     +0.000000    +0.000000
[1.0,0.0,0.0,0.0,0.0,0.0,2.0,0.0] -0.174958    -0.158933     -0.160634    -0.277211
[0.0,0.0,2.0,0.0,1.0,0.0,0.0,0.0] +0.000000    -0.833481     +0.000000    +0.000000
[0.0,1.0,2.0,0.0,1.0,0.0,2.0,0.0] -0.694181    +0.000000     +0.000000    +0.000000
[1.0,0.0,2.0,0.0,0.0,0.0,0.0,2.0] -0.000001    +0.000000     +0.000000    +0.000000
[1.0,0.0,0.0,1.0,2.0,0.0,0.0,0.0] +0.000000    -0.250485     +0.000000    -0.900977
[1.0,2.0,0.0,0.0,0.0,0.0,2.0,1.0] +0.000000    +0.000000     +0.000000    -0.044271
[1.0,1.0,2.0,0.0,0.0,0.0,2.0,2.0] +0.000000    -0.018145     +0.000000    +0.000000
[0.0,0.0,2.0,0.0,0.0,0.0,2.0,0.0] +0.000000    -0.109203     -0.742189    -0.123852
[1.0,1.0,2.0,0.0,0.0,0.0,1.0,0.0] +0.000000    -0.023181     +0.000000    +0.000000
[0.0,0.0,2.0,1.0,2.0,0.0,0.0,0.0] +0.000000    +0.000000     +0.000000    -0.238499
[0.0,0.0,0.0,0.0,0.0,2.0,1.0,2.0] +0.000000    +0.000000     +0.000000    -0.002167
[1.0,0.0,1.0,0.0,2.0,0.0,0.0,0.0] +0.000000    +0.000000     +0.000000    -0.121229
[0.0,0.0,0.0,0.0,0.0,2.0,0.0,0.0] -0.221724    -0.305352     -0.201484    -0.603795
[0.0,0.0,0.0,2.0,0.0,0.0,0.0,1.0] -0.187986    -0.173686     -0.212006    -0.560245
[0.0,1.0,0.0,0.0,0.0,2.0,2.0,0.0] +0.000000    +0.000000     +0.000000    -0.063213
[0.0,2.0,0.0,0.0,0.0,2.0,0.0,1.0] -0.102971    +0.000000     +0.000000    +0.000000
[0.0,1.0,1.0,0.0,0.0,0.0,0.0,1.0] +0.000000    -0.007014     -0.014833    -0.043655
[1.0,0.0,0.0,2.0,0.0,1.0,1.0,0.0] -0.100000    +0.000000     -0.032381    +0.000000
[0.0,0.0,1.0,0.0,0.0,1.0,2.0,0.0] +0.000000    -0.663477     +0.000000    +0.000000
[0.0,0.0,0.0,2.0,2.0,2.0,0.0,0.0] +0.000000    -0.314542     +0.000000    +0.000000
[0.0,1.0,0.0,0.0,2.0,0.0,1.0,1.0] +0.000000    -0.100495     +0.000000    +0.000000
[0.0,1.0,0.0,2.0,2.0,2.0,2.0,0.0] -0.244629    +0.000000     +0.000000    +0.000000
[1.0,2.0,0.0,0.0,2.0,0.0,0.0,1.0] +0.000000    +0.000000     +0.000000    -0.107223
[0.0,0.0,2.0,2.0,0.0,1.0,1.0,0.0] +0.000000    -0.005571     +0.000000    +0.000000
[1.0,0.0,0.0,0.0,1.0,0.0,2.0,0.0] +0.000000    -0.271000     +0.000000    +0.000000
[1.0,0.0,2.0,0.0,1.0,0.0,0.0,2.0] +0.000000    -0.099000     +0.000000    +0.000000
[2.0,0.0,0.0,0.0,0.0,0.0,1.0,0.0] +0.000000    +0.000000     -0.048345    +0.000000
[0.0,0.0,2.0,0.0,1.0,0.0,2.0,0.0] +0.000000    +0.000000     +0.000000    -0.317611
[1.0,0.0,0.0,1.0,2.0,0.0,2.0,0.0] +0.000000    +0.000000     +0.000000    -0.017353
[1.0,0.0,0.0,0.0,2.0,1.0,0.0,0.0] +0.000000    -0.241197     +0.000000    +0.000000
[1.0,1.0,0.0,0.0,2.0,1.0,2.0,0.0] +0.000000    -0.249128     +0.000000    +0.000000
[2.0,2.0,0.0,0.0,0.0,0.0,1.0,1.0] +0.000000    -0.008456     +0.000000    +0.000000
[1.0,0.0,2.0,0.0,0.0,0.0,1.0,0.0] -0.099555    -0.089580     +0.000000    +0.000000
[1.0,2.0,0.0,1.0,2.0,0.0,2.0,1.0] +0.000000    -0.024062     +0.000000    +0.000000
[0.0,0.0,2.0,0.0,2.0,1.0,0.0,0.0] +0.000000    +0.000000     +0.000000    -0.002289
[1.0,2.0,2.0,0.0,0.0,0.0,1.0,1.0] +0.000000    -0.019993     +0.000000    +0.000000
[0.0,0.0,0.0,2.0,1.0,0.0,0.0,1.0] +0.000000    -0.959593     +0.000000    +0.000000
[1.0,0.0,0.0,0.0,0.0,2.0,0.0,2.0] +0.000000    +0.000000     +0.000000    -0.001579
[0.0,0.0,0.0,0.0,0.0,2.0,2.0,0.0] -0.116224    -0.176695     -0.133843    -0.175718
[0.0,0.0,0.0,2.0,0.0,0.0,2.0,1.0] +0.000000    +0.000000     +0.000000    -0.165047
[0.0,1.0,0.0,0.0,0.0,2.0,0.0,1.0] +0.000000    -0.019627     -0.024143    -0.035792
[0.0,0.0,1.0,0.0,0.0,0.0,0.0,1.0] -0.801373    -0.196017     -0.532090    -0.336338
[0.0,2.0,0.0,0.0,0.0,2.0,2.0,1.0] +0.000000    -0.000907     +0.000000    +0.000000
[0.0,1.0,2.0,0.0,0.0,2.0,1.0,0.0] +0.000000    +0.000000     +0.000000    -0.005026
[0.0,2.0,0.0,2.0,0.0,0.0,1.0,0.0] -0.173852    +0.000000     -0.972617    -0.171000
[0.0,0.0,1.0,1.0,1.0,0.0,0.0,1.0] +0.000000    -0.720046     +0.000000    +0.000000
[1.0,0.0,1.0,0.0,0.0,1.0,1.0,0.0] +0.000000    -0.001056     +0.000000    +0.000000
[1.0,1.0,0.0,0.0,2.0,0.0,0.0,1.0] +0.000000    +0.000000     -0.100000    +0.000000
[0.0,0.0,1.0,0.0,2.0,2.0,0.0,0.0] +0.000000    +0.000000     -0.005754    +0.000000
[1.0,0.0,2.0,2.0,0.0,1.0,0.0,0.0] +0.000000    +0.000000     -0.000000    +0.000000
[0.0,0.0,2.0,0.0,2.0,0.0,2.0,0.0] -0.010319    +0.000000     +0.000000    -0.158923
[0.0,1.0,2.0,0.0,2.0,0.0,0.0,1.0] +0.000000    -0.043168     +0.000000    -0.100000
[0.0,2.0,0.0,0.0,2.0,0.0,0.0,0.0] -0.213103    -0.242687     -0.268438    -0.184465
[2.0,0.0,2.0,0.0,0.0,0.0,0.0,0.0] +0.000000    +0.000000     -0.023163    +0.000000
[0.0,0.0,0.0,0.0,0.0,1.0,0.0,1.0] +0.000000    -0.253390     -0.257409    -0.204895
[0.0,0.0,0.0,0.0,1.0,2.0,2.0,0.0] +0.000000    -0.190000     -0.114049    +0.000000
[0.0,0.0,0.0,2.0,1.0,0.0,2.0,1.0] +0.000000    -0.127960     +0.000000    +0.000000