[1.0,1.0,1.0,0.0,1.0,0.0,1.0,0.0] > ACTION_BACK == -0.04619182
[0.0,1.0,1.0,1.0,1.0,0.0,1.0,1.0] > ACTION_BACK == -0.0012883842
[1.0,1.0,0.0,1.0,1.0,1.0,1.0,0.0] > ACTION_BACK == -2.8490587E-4
[0.0,1.0,0.0,1.0,0.0,0.0,0.0,0.0] > ACTION_BACK == -2.050996E-6
[0.0,0.0,1.0,0.0,0.0,0.0,0.0,0.0] > ACTION_BACK == -1.8575E-7
[1.0,1.0,1.0,0.0,0.0,1.0,1.0,0.0] > ACTION_BACK == -0.10724876
[0.0,1.0,1.0,0.0,0.0,1.0,0.0,1.0] > ACTION_BACK == -0.0030357752
[0.0,1.0,0.0,1.0,1.0,0.0,1.0,0.0] > ACTION_RIGHT == -0.0015389998
[1.0,1.0,1.0,0.0,0.0,1.0,0.0,1.0] > ACTION_BACK == -0.0094610555
[0.0,1.0,0.0,1.0,0.0,1.0,0.0,0.0] > ACTION_RIGHT == -3.6963452E-6
[0.0,1.0,1.0,0.0,0.0,1.0,1.0,1.0] > ACTION_NONE == -0.0015163928
[1.0,1.0,1.0,0.0,0.0,0.0,1.0,1.0] > ACTION_NONE == -0.103242196
[0.0,1.0,1.0,1.0,0.0,1.0,0.0,1.0] > ACTION_BACK == -0.0090
[0.0,1.0,1.0,0.0,0.0,0.0,1.0,0.0] > ACTION_NONE == -0.171
[0.0,0.0,1.0,1.0,0.0,0.0,0.0,0.0] > ACTION_NONE == -7.770922E-8
[1.0,1.0,1.0,0.0,1.0,1.0,0.0,1.0] > ACTION_BACK == -0.0013439051
[0.0,1.0,0.0,1.0,0.0,1.0,1.0,0.0] > ACTION_BACK == -9.399136E-5
[0.0,1.0,1.0,1.0,1.0,1.0,1.0,1.0] > ACTION_NONE == -6.8207516E-4
[1.0,1.0,0.0,1.0,0.0,1.0,1.0,0.0] > ACTION_BACK == -1.1219311E-6
[1.0,1.0,1.0,1.0,1.0,1.0,0.0,1.0] > ACTION_BACK == -1.3478703E-4
[0.0,1.0,0.0,1.0,0.0,1.0,1.0,0.0] > ACTION_NONE == -7.048985E-5
[0.0,1.0,1.0,0.0,0.0,1.0,1.0,1.0] > ACTION_RIGHT == -8.0999994E-4
[1.0,1.0,1.0,1.0,0.0,1.0,0.0,1.0] > ACTION_RIGHT == -7.139108E-5
[0.0,1.0,0.0,1.0,1.0,1.0,1.0,1.0] > ACTION_BACK == -7.819518E-5
[0.0,1.0,1.0,0.0,1.0,0.0,1.0,1.0] > ACTION_BACK == -0.0011543866
[0.0,0.0,1.0,0.0,0.0,0.0,0.0,0.0] > ACTION_RIGHT == -1.2332658E-9
[1.0,1.0,1.0,1.0,1.0,1.0,1.0,1.0] > ACTION_NONE == -0.035516083
[1.0,1.0,1.0,0.0,0.0,1.0,0.0,1.0] > ACTION_RIGHT == -8.0999994E-4
[0.0,0.0,1.0,0.0,0.0,0.0,0.0,0.0] > ACTION_NONE == -4.172946E-9
[0.0,1.0,0.0,1.0,0.0,1.0,0.0,0.0] > ACTION_BACK == -1.7799981E-5
[1.0,0.0,0.0,1.0,1.0,0.0,1.0,0.0] > ACTION_BACK == -9.804928E-4
[0.0,0.0,1.0,0.0,1.0,1.0,1.0,0.0] > ACTION_BACK == -1.1114867E-5
[1.0,1.0,1.0,0.0,0.0,0.0,1.0,0.0] > ACTION_BACK == -0.171
[0.0,1.0,1.0,0.0,1.0,0.0,1.0,0.0] > ACTION_RIGHT == -1.28726815E-5
[1.0,0.0,1.0,0.0,1.0,0.0,1.0,0.0] > ACTION_BACK == -0.0195916
[0.0,0.0,1.0,1.0,0.0,0.0,0.0,0.0] > ACTION_RIGHT == -4.459883E-8
[1.0,1.0,1.0,1.0,0.0,1.0,1.0,0.0] > ACTION_RIGHT == -6.5609997E-6
[1.0,1.0,0.0,1.0,1.0,0.0,1.0,1.0] > ACTION_RIGHT == -3.8106475E-4
[1.0,1.0,1.0,1.0,0.0,1.0,0.0,1.0] > ACTION_BACK == -0.0013210115
[0.0,1.0,1.0,0.0,0.0,1.0,1.0,0.0] > ACTION_BACK == -0.09000004
[1.0,1.0,1.0,0.0,0.0,1.0,1.0,1.0] > ACTION_BACK == -0.13431312
[1.0,1.0,1.0,1.0,1.0,0.0,1.0,0.0] > ACTION_BACK == -1.1501173E-4
[1.0,1.0,1.0,1.0,1.0,0.0,1.0,1.0] > ACTION_NONE == -2.4971625E-5
[0.0,1.0,1.0,1.0,0.0,1.0,1.0,0.0] > ACTION_BACK == -2.8848799E-5
[0.0,1.0,0.0,1.0,1.0,0.0,1.0,1.0] > ACTION_BACK == -6.607374E-5
[0.0,1.0,1.0,0.0,0.0,0.0,1.0,1.0] > ACTION_RIGHT == -0.099
[1.0,1.0,0.0,1.0,1.0,1.0,1.0,1.0] > ACTION_NONE == -7.1449285E-5
[1.0,1.0,1.0,1.0,0.0,1.0,0.0,1.0] > ACTION_NONE == -7.4004807E-4
[1.0,1.0,1.0,1.0,0.0,1.0,1.0,1.0] > ACTION_BACK == -1.1680728E-5
[0.0,1.0,0.0,1.0,1.0,1.0,1.0,0.0] > ACTION_NONE == -5.358799E-4
[0.0,1.0,0.0,1.0,1.0,1.0,1.0,0.0] > ACTION_BACK == -0.0013247441
[1.0,1.0,0.0,1.0,1.0,1.0,1.0,1.0] > ACTION_BACK == -0.19035877
[1.0,0.0,1.0,0.0,1.0,1.0,1.0,0.0] > ACTION_BACK == -0.009113166
[0.0,1.0,1.0,0.0,1.0,0.0,1.0,1.0] > ACTION_RIGHT == -0.1
[0.0,1.0,1.0,1.0,0.0,1.0,1.0,1.0] > ACTION_BACK == -1.09713736E-4
[0.0,1.0,1.0,0.0,1.0,1.0,0.0,1.0] > ACTION_BACK == -0.0036112082
[1.0,1.0,1.0,1.0,0.0,1.0,1.0,1.0] > ACTION_NONE == -6.5609997E-6
[0.0,1.0,0.0,1.0,0.0,0.0,1.0,0.0] > ACTION_BACK == -5.3144102E-8
[0.0,1.0,0.0,1.0,1.0,0.0,1.0,1.0] > ACTION_NONE == -4.841837E-5
[1.0,1.0,1.0,1.0,1.0,1.0,1.0,1.0] > ACTION_BACK == -3.0829525E-4
[0.0,1.0,1.0,0.0,0.0,1.0,1.0,0.0] > ACTION_NONE == -1.8306437E-5
[0.0,1.0,0.0,1.0,0.0,0.0,0.0,0.0] > ACTION_RIGHT == -7.7436783E-7
[0.0,1.0,1.0,0.0,1.0,1.0,1.0,0.0] > ACTION_BACK == -0.0028931575
[1.0,1.0,0.0,1.0,1.0,0.0,1.0,0.0] > ACTION_BACK == -0.15973225
[0.0,0.0,1.0,0.0,1.0,0.0,1.0,0.0] > ACTION_RIGHT == -0.008103459
[1.0,1.0,1.0,1.0,1.0,1.0,1.0,1.0] > ACTION_RIGHT == -0.017099999
[0.0,1.0,1.0,1.0,1.0,1.0,1.0,1.0] > ACTION_BACK == -0.014668943
[0.0,1.0,1.0,1.0,1.0,1.0,0.0,1.0] > ACTION_BACK == -1.4780545E-4
[1.0,1.0,1.0,0.0,1.0,0.0,1.0,0.0] > ACTION_RIGHT == -1.3717271E-4
[1.0,1.0,1.0,0.0,0.0,0.0,1.0,1.0] > ACTION_BACK == -0.15449162
[1.0,1.0,1.0,0.0,1.0,1.0,0.0,0.0] > ACTION_BACK == -1.6480574E-6
[0.0,1.0,1.0,1.0,1.0,0.0,1.0,1.0] > ACTION_NONE == -0.0152426595
[0.0,1.0,0.0,1.0,1.0,0.0,1.0,0.0] > ACTION_BACK == -7.2861294E-4
[0.0,0.0,1.0,1.0,0.0,0.0,0.0,0.0] > ACTION_BACK == -4.360017E-7
[1.0,1.0,0.0,1.0,1.0,0.0,1.0,1.0] > ACTION_BACK == -1.2761929E-4
[0.0,1.0,1.0,0.0,1.0,1.0,1.0,1.0] > ACTION_BACK == -6.865384E-4
[1.0,1.0,0.0,1.0,1.0,0.0,1.0,0.0] > ACTION_RIGHT == -5.5463443E-4
[1.0,1.0,1.0,1.0,0.0,1.0,1.0,0.0] > ACTION_BACK == -5.9686838E-5
[0.0,0.0,1.0,0.0,1.0,0.0,1.0,0.0] > ACTION_BACK == -3.8699824E-10
[1.0,1.0,0.0,1.0,1.0,0.0,1.0,0.0] > ACTION_NONE == -0.09005168
[0.0,1.0,1.0,0.0,1.0,0.0,1.0,0.0] > ACTION_BACK == -5.4959895E-4
[1.0,1.0,0.0,1.0,1.0,1.0,1.0,1.0] > ACTION_RIGHT == -1.0943958E-6
[0.0,1.0,1.0,0.0,0.0,1.0,1.0,1.0] > ACTION_BACK == -0.104818985
[1.0,1.0,0.0,1.0,0.0,1.0,1.0,0.0] > ACTION_NONE == -5.787393E-7
[1.0,1.0,1.0,0.0,0.0,1.0,1.0,1.0] > ACTION_RIGHT == -0.0090
[1.0,1.0,1.0,1.0,1.0,0.0,1.0,1.0] > ACTION_BACK == -0.15236743
[1.0,0.0,0.0,1.0,0.0,1.0,1.0,0.0] > ACTION_BACK == -0.0072289174