[0.0,0.0,0.0,0.0,1.0,0.0,0.0,0.0] > ACTION_RIGHT == -0.06985489
[0.0,0.0,0.0,0.0,0.0,0.0,0.0,0.0] > ACTION_LEFT == -4.806257E-8
[0.0,0.0,1.0,0.0,0.0,0.0,0.0,0.0] > ACTION_NONE == -0.14790682
[0.0,0.0,0.0,1.0,0.0,0.0,0.0,0.0] > ACTION_RIGHT == -0.08178853
[0.0,0.0,0.0,1.0,0.0,0.0,0.0,0.0] > ACTION_NONE == -0.09910057
[0.0,1.0,0.0,0.0,0.0,0.0,0.0,0.0] > ACTION_NONE == -0.10173088
[0.0,0.0,0.0,1.0,1.0,0.0,0.0,0.0] > ACTION_RIGHT == -0.0720368
[1.0,0.0,0.0,0.0,0.0,0.0,0.0,0.0] > ACTION_BACK == -4.3231896E-8
[0.0,0.0,0.0,0.0,0.0,0.0,0.0,0.0] > ACTION_NONE == -0.004428942
[0.0,0.0,0.0,0.0,0.0,0.0,0.0,0.0] > ACTION_BACK == -3.802467E-4
[0.0,1.0,0.0,0.0,0.0,0.0,0.0,0.0] > ACTION_BACK == -0.078633
[0.0,0.0,1.0,0.0,0.0,0.0,0.0,0.0] > ACTION_BACK == -0.05634437
[1.0,0.0,0.0,0.0,0.0,0.0,0.0,0.0] > ACTION_RIGHT == -4.3256314E-9
[0.0,0.0,0.0,0.0,0.0,0.0,0.0,0.0] > ACTION_RIGHT == -0.006146278
[0.0,0.0,0.0,1.0,0.0,0.0,0.0,0.0] > ACTION_BACK == -0.082648255
[0.0,0.0,1.0,0.0,0.0,0.0,0.0,0.0] > ACTION_RIGHT == -0.08001209
[0.0,1.0,0.0,0.0,0.0,0.0,0.0,0.0] > ACTION_RIGHT == -0.09