[0.0,1.0,0.0,0.0,0.0,0.0,0.0,0.0] > ACTION_RIGHT == -9.956959E-8
[0.0,0.0,0.0,0.0,0.0,1.0,0.0,0.0] > ACTION_BACK == -0.0073082806
[0.0,0.0,1.0,0.0,0.0,0.0,0.0,0.0] > ACTION_NONE == -0.09000014
[1.0,0.0,0.0,0.0,0.0,0.0,0.0,0.0] > ACTION_BACK == -5.6747695E-7
[0.0,0.0,0.0,0.0,1.0,0.0,0.0,0.0] > ACTION_RIGHT == -6.4304354E-6
[0.0,0.0,0.0,0.0,0.0,0.0,0.0,0.0] > ACTION_RIGHT == -1.4040222E-6
[0.0,0.0,0.0,1.0,0.0,0.0,0.0,0.0] > ACTION_BACK == -0.006461197
[0.0,0.0,1.0,0.0,0.0,0.0,0.0,0.0] > ACTION_BACK == -4.11288E-8
[0.0,0.0,0.0,0.0,0.0,0.0,1.0,0.0] > ACTION_RIGHT == -0.0088209
[0.0,0.0,0.0,1.0,1.0,0.0,0.0,0.0] > ACTION_RIGHT == -4.2506257E-10
[0.0,0.0,0.0,0.0,0.0,0.0,0.0,1.0] > ACTION_BACK == -6.5609997E-6
[0.0,0.0,0.0,0.0,0.0,0.0,0.0,0.0] > ACTION_BACK == -1.5262998E-6
[0.0,0.0,0.0,0.0,0.0,0.0,0.0,0.0] > ACTION_NONE == -5.380504E-7
[0.0,0.0,0.0,0.0,0.0,1.0,0.0,0.0] > ACTION_RIGHT == -0.0013776151
[0.0,0.0,0.0,0.0,0.0,1.0,0.0,0.0] > ACTION_NONE == -0.090692215
[0.0,1.0,0.0,0.0,0.0,0.0,0.0,0.0] > ACTION_BACK == -0.0052337204
[1.0,0.0,0.0,0.0,0.0,0.0,0.0,0.0] > ACTION_RIGHT == -2.4757554E-7
[0.0,0.0,0.0,0.0,1.0,0.0,0.0,0.0] > ACTION_BACK == -2.4684841E-5
[0.0,0.0,0.0,1.0,0.0,0.0,0.0,0.0] > ACTION_RIGHT == -4.7229176E-9
[0.0,0.0,1.0,0.0,0.0,0.0,0.0,0.0] > ACTION_RIGHT == -2.3359881E-8
[0.0,0.0,0.0,0.0,0.0,0.0,1.0,0.0] > ACTION_BACK == -0.13999908
[0.0,0.0,0.0,0.0,1.0,0.0,0.0,0.0] > ACTION_NONE == -6.618873E-5