[0.0,0.0,1.0,0.0,0.0,0.0,0.0,0.0] > ACTION_NONE == -2.6507334E-5
[0.0,1.0,1.0,1.0,1.0,0.0,1.0,1.0] > ACTION_BACK == -0.021112109
[0.0,1.0,1.0,0.0,0.0,1.0,1.0,1.0] > ACTION_NONE == -0.08417449
[1.0,1.0,1.0,0.0,1.0,0.0,1.0,1.0] > ACTION_LEFT == -0.1
[0.0,1.0,0.0,1.0,1.0,1.0,1.0,0.0] > ACTION_BACK == -3.4987326E-5
[0.0,1.0,1.0,0.0,0.0,1.0,1.0,0.0] > ACTION_BACK == -0.02332666
[0.0,1.0,0.0,1.0,0.0,1.0,1.0,0.0] > ACTION_RIGHT == -0.0034773876
[0.0,1.0,0.0,1.0,0.0,1.0,1.0,0.0] > ACTION_BACK == -0.0058341124
[0.0,1.0,0.0,1.0,0.0,1.0,0.0,0.0] > ACTION_RIGHT == -6.586678E-5
[0.0,0.0,1.0,0.0,1.0,0.0,0.0,0.0] > ACTION_NONE == -6.343048E-6
[1.0,1.0,0.0,0.0,0.0,0.0,1.0,0.0] > ACTION_BACK == -1.3273952E-7
[0.0,1.0,0.0,0.0,1.0,0.0,1.0,0.0] > ACTION_RIGHT == -3.0815657E-4
[0.0,1.0,2.0,1.0,0.0,1.0,2.0,1.0] > ACTION_BACK == -0.024389999
[1.0,0.0,1.0,0.0,1.0,0.0,1.0,0.0] > ACTION_BACK == -7.398584E-4
[0.0,1.0,2.0,2.0,2.0,0.0,2.0,1.0] > ACTION_RIGHT == -0.1
[0.0,1.0,0.0,1.0,0.0,0.0,0.0,0.0] > ACTION_BACK == -2.338702E-4
[0.0,1.0,1.0,1.0,0.0,0.0,1.0,1.0] > ACTION_NONE == -0.09000001
[1.0,1.0,0.0,1.0,0.0,1.0,1.0,0.0] > ACTION_NONE == -0.021710476
[0.0,1.0,0.0,0.0,1.0,0.0,0.0,0.0] > ACTION_RIGHT == -3.4030905E-5
[0.0,1.0,0.0,0.0,1.0,2.0,2.0,0.0] > ACTION_RIGHT == -5.0124487E-5
[0.0,1.0,0.0,2.0,0.0,0.0,2.0,0.0] > ACTION_BACK == -1.7668115E-5
[0.0,1.0,1.0,1.0,0.0,1.0,1.0,0.0] > ACTION_BACK == -0.01595484
[0.0,1.0,0.0,2.0,0.0,0.0,0.0,0.0] > ACTION_RIGHT == -5.9280096E-6
[0.0,1.0,0.0,1.0,1.0,0.0,1.0,1.0] > ACTION_BACK == -0.0090
[0.0,0.0,1.0,0.0,1.0,0.0,0.0,0.0] > ACTION_BACK == -2.6000334E-6
[0.0,0.0,1.0,2.0,0.0,0.0,0.0,0.0] > ACTION_RIGHT == -1.7890583E-6
[1.0,1.0,0.0,1.0,1.0,0.0,1.0,0.0] > ACTION_BACK == -0.011482032
[0.0,1.0,1.0,1.0,1.0,1.0,1.0,1.0] > ACTION_NONE == -0.113937266
[1.0,1.0,1.0,1.0,1.0,0.0,1.0,1.0] > ACTION_NONE == -0.39356354
[0.0,1.0,0.0,1.0,0.0,0.0,1.0,0.0] > ACTION_RIGHT == -0.0012071184
[1.0,1.0,1.0,1.0,0.0,1.0,1.0,0.0] > ACTION_NONE == -0.0021951
[0.0,0.0,1.0,1.0,0.0,0.0,0.0,0.0] > ACTION_NONE == -8.1436876E-5
[1.0,2.0,1.0,2.0,2.0,0.0,1.0,1.0] > ACTION_BACK == -0.2439
[0.0,1.0,0.0,1.0,0.0,2.0,2.0,0.0] > ACTION_NONE == -1.9441746E-4
[1.0,1.0,1.0,1.0,1.0,0.0,1.0,0.0] > ACTION_BACK == -0.004994955
[1.0,1.0,1.0,0.0,0.0,0.0,1.0,1.0] > ACTION_BACK == -0.25973067
[1.0,0.0,0.0,0.0,0.0,0.0,0.0,0.0] > ACTION_BACK == -9.1053704E-7
[1.0,1.0,0.0,1.0,0.0,1.0,1.0,0.0] > ACTION_RIGHT == -0.019313954
[0.0,1.0,1.0,1.0,0.0,0.0,1.0,1.0] > ACTION_BACK == -0.041037254
[0.0,1.0,1.0,1.0,0.0,0.0,1.0,1.0] > ACTION_RIGHT == -0.1
[1.0,1.0,0.0,1.0,0.0,1.0,1.0,0.0] > ACTION_BACK == -0.008121646
[0.0,1.0,0.0,1.0,1.0,1.0,1.0,1.0] > ACTION_BACK == -0.0081
[1.0,1.0,1.0,0.0,0.0,0.0,1.0,0.0] > ACTION_BACK == -0.15561211
[1.0,0.0,0.0,1.0,1.0,0.0,1.0,0.0] > ACTION_BACK == -6.561001E-5
[1.0,1.0,1.0,1.0,1.0,0.0,1.0,1.0] > ACTION_BACK == -0.17030902
[0.0,1.0,1.0,1.0,1.0,1.0,1.0,1.0] > ACTION_RIGHT == -0.1
[0.0,1.0,1.0,1.0,1.0,1.0,1.0,1.0] > ACTION_BACK == -0.09984134
[0.0,1.0,2.0,1.0,0.0,1.0,2.0,1.0] > ACTION_NONE == -0.004735285
[1.0,1.0,0.0,0.0,0.0,0.0,1.0,1.0] > ACTION_BACK == -0.090001464
[1.0,0.0,0.0,1.0,0.0,1.0,1.0,0.0] > ACTION_BACK == -9.7149075E-4
[1.0,2.0,2.0,1.0,1.0,2.0,0.0,1.0] > ACTION_BACK == -0.0081
[0.0,1.0,0.0,1.0,0.0,1.0,0.0,0.0] > ACTION_BACK == -0.0013352586
[1.0,1.0,1.0,1.0,1.0,1.0,0.0,1.0] > ACTION_NONE == -0.004875702
[0.0,1.0,1.0,0.0,0.0,1.0,1.0,1.0] > ACTION_BACK == -0.07643949
[0.0,0.0,2.0,0.0,0.0,0.0,0.0,0.0] > ACTION_NONE == -2.5890586E-7
[0.0,0.0,1.0,0.0,1.0,0.0,0.0,0.0] > ACTION_RIGHT == -1.5972155E-5
[1.0,1.0,1.0,0.0,0.0,1.0,1.0,0.0] > ACTION_BACK == -0.0073912847
[0.0,0.0,1.0,0.0,0.0,0.0,0.0,0.0] > ACTION_BACK == -4.904273E-5
[0.0,0.0,1.0,0.0,0.0,0.0,0.0,0.0] > ACTION_RIGHT == -2.6077629E-5
[0.0,1.0,0.0,1.0,0.0,0.0,0.0,0.0] > ACTION_RIGHT == -1.8674131E-4
[0.0,1.0,1.0,1.0,0.0,1.0,1.0,1.0] > ACTION_BACK == -0.122637674
[0.0,1.0,0.0,1.0,0.0,2.0,2.0,0.0] > ACTION_RIGHT == -1.3850999E-4
[0.0,1.0,0.0,0.0,0.0,0.0,0.0,1.0] > ACTION_BACK == -7.630873E-8
[1.0,1.0,2.0,1.0,0.0,1.0,1.0,0.0] > ACTION_NONE == -0.0035145897
[0.0,1.0,1.0,0.0,1.0,1.0,1.0,1.0] > ACTION_BACK == -0.0028009617
[1.0,1.0,1.0,1.0,0.0,1.0,1.0,0.0] > ACTION_BACK == -0.051917173
[0.0,0.0,1.0,1.0,0.0,0.0,0.0,0.0] > ACTION_BACK == -7.2920164E-5
[1.0,1.0,1.0,1.0,0.0,1.0,1.0,0.0] > ACTION_RIGHT == -8.0999994E-4
[0.0,0.0,1.0,1.0,0.0,0.0,0.0,0.0] > ACTION_RIGHT == -7.0582675E-5
[1.0,1.0,0.0,1.0,1.0,0.0,1.0,1.0] > ACTION_BACK == -0.014233873
[1.0,2.0,1.0,2.0,2.0,0.0,1.0,1.0] > ACTION_RIGHT == -0.09000001
[1.0,2.0,2.0,1.0,0.0,2.0,0.0,1.0] > ACTION_BACK == -0.0034993843
[1.0,1.0,0.0,1.0,1.0,1.0,1.0,1.0] > ACTION_BACK == -0.0021141006
[0.0,2.0,0.0,1.0,0.0,2.0,1.0,0.0] > ACTION_NONE == -7.6000794E-4
[0.0,1.0,0.0,1.0,0.0,1.0,1.0,0.0] > ACTION_NONE == -0.0036988244
[0.0,0.0,0.0,0.0,0.0,0.0,0.0,0.0] > ACTION_BACK == -3.8053013E-6
[0.0,0.0,0.0,0.0,0.0,0.0,0.0,0.0] > ACTION_RIGHT == -3.5265916E-6
[1.0,2.0,0.0,1.0,0.0,2.0,1.0,0.0] > ACTION_NONE == -1.4306254E-4
[0.0,1.0,2.0,2.0,2.0,1.0,1.0,1.0] > ACTION_BACK == -0.03066328
[1.0,1.0,1.0,1.0,1.0,0.0,1.0,1.0] > ACTION_RIGHT == -0.3864353
[1.0,1.0,0.0,0.0,0.0,0.0,0.0,1.0] > ACTION_BACK == -3.1781144E-7
[1.0,1.0,1.0,1.0,0.0,1.0,1.0,1.0] > ACTION_BACK == -0.0101899635
[0.0,1.0,1.0,1.0,0.0,1.0,0.0,1.0] > ACTION_BACK == -0.0013851005
[1.0,0.0,0.0,0.0,0.0,0.0,0.0,1.0] > ACTION_BACK == -4.7942183E-7
[1.0,1.0,1.0,0.0,1.0,1.0,0.0,1.0] > ACTION_BACK == -0.15020064
[1.0,1.0,0.0,1.0,0.0,1.0,1.0,1.0] > ACTION_RIGHT == -0.0090
[0.0,1.0,1.0,1.0,1.0,1.0,0.0,1.0] > ACTION_BACK == -7.29E-4
[0.0,1.0,1.0,1.0,0.0,1.0,1.0,1.0] > ACTION_NONE == -0.118136086
[1.0,1.0,1.0,0.0,0.0,0.0,1.0,1.0] > ACTION_RIGHT == -0.09
[1.0,1.0,1.0,1.0,1.0,1.0,1.0,1.0] > ACTION_RIGHT == -0.1
[0.0,0.0,2.0,0.0,0.0,0.0,0.0,0.0] > ACTION_BACK == -2.9031264E-7
[0.0,0.0,2.0,0.0,0.0,0.0,0.0,0.0] > ACTION_RIGHT == -4.850361E-7
[1.0,1.0,1.0,1.0,1.0,1.0,1.0,1.0] > ACTION_BACK == -0.04493591
[1.0,1.0,1.0,1.0,1.0,1.0,0.0,1.0] > ACTION_BACK == -0.0081
[0.0,1.0,1.0,1.0,0.0,1.0,1.0,1.0] > ACTION_RIGHT == -0.12551428
[1.0,1.0,1.0,0.0,0.0,1.0,0.0,1.0] > ACTION_NONE == -0.080270745
[0.0,1.0,0.0,1.0,0.0,1.0,0.0,0.0] > ACTION_NONE == -4.362136E-4
[0.0,2.0,0.0,1.0,0.0,2.0,1.0,0.0] > ACTION_BACK == -0.0012233456
[1.0,1.0,1.0,0.0,0.0,1.0,1.0,1.0] > ACTION_BACK == -0.11244737
[0.0,0.0,2.0,0.0,0.0,0.0,0.0,0.0] > ACTION_LEFT == -1.6056332E-7
[0.0,1.0,0.0,0.0,2.0,0.0,0.0,0.0] > ACTION_RIGHT == -1.9234011E-4
[1.0,2.0,0.0,2.0,0.0,2.0,1.0,0.0] > ACTION_RIGHT == -0.0021951
[0.0,0.0,1.0,0.0,2.0,0.0,0.0,0.0] > ACTION_RIGHT == -4.3405868E-7
[0.0,1.0,0.0,1.0,1.0,0.0,1.0,0.0] > ACTION_BACK == -0.0021459728
[0.0,1.0,1.0,0.0,0.0,1.0,1.0,0.0] > ACTION_NONE == -0.025843786
[1.0,1.0,1.0,0.0,1.0,1.0,0.0,1.0] > ACTION_RIGHT == -0.09
[1.0,1.0,1.0,1.0,0.0,1.0,0.0,1.0] > ACTION_BACK == -0.06156164
[1.0,1.0,1.0,1.0,0.0,1.0,0.0,1.0] > ACTION_RIGHT == -0.015390007
[0.0,1.0,0.0,2.0,0.0,0.0,2.0,0.0] > ACTION_NONE == -3.3681612E-5
[0.0,1.0,0.0,1.0,0.0,0.0,1.0,0.0] > ACTION_BACK == -0.0014598824
[0.0,1.0,0.0,1.0,0.0,2.0,1.0,0.0] > ACTION_RIGHT == -5.6086923E-4
[1.0,1.0,1.0,1.0,1.0,0.0,1.0,0.0] > ACTION_NONE == -0.0054093236
[0.0,0.0,2.0,0.0,2.0,0.0,0.0,0.0] > ACTION_RIGHT == -1.6632965E-6
[1.0,2.0,0.0,2.0,0.0,2.0,1.0,0.0] > ACTION_BACK == -1.3850999E-4